Flavour index: 1
Scale: 5
Bjorken x: 0.1
qT: [0.001, 0.01, 0.1, 1, 1.5, 2, 2.5, 3, 3.5, 4, 4.5, 5, 5.5, 6, 6.5, 7, 7.5, 8, 8.5, 9, 9.5, 10, 10.5, 11, 11.5, 12, 12.5, 13, 13.5, 14, 14.5, 15, 15.5, 16, 16.5, 17, 17.5, 18, 18.5, 19, 19.5, 20]
TMD: [0.68184975, 0.68171681, 0.67885384, 0.4589851, 0.31399962, 0.22399219, 0.1758768, 0.14512192, 0.12138733, 0.10304789, 0.089159217, 0.078625148, 0.070438453, 0.064051646, 0.058896326, 0.054648789, 0.051014946, 0.047881557, 0.045242094, 0.042796499, 0.040626622, 0.038720433, 0.03696301, 0.035370539, 0.0338791, 0.032510837, 0.031273722, 0.030109118, 0.02904632, 0.028055495, 0.027145907, 0.026284224, 0.025509203, 0.02473313, 0.023998919, 0.0233227, 0.022694473, 0.022060011, 0.021462082, 0.02088057, 0.020299064, 0.019778591]
