Flavour index: 1
Scale: 5
Bjorken x: 0.1
qT: [0.001, 0.01, 0.1, 1, 1.5, 2, 2.5, 3, 3.5, 4, 4.5, 5, 5.5, 6, 6.5, 7, 7.5, 8, 8.5, 9, 9.5, 10, 10.5, 11, 11.5, 12, 12.5, 13, 13.5, 14, 14.5, 15, 15.5, 16, 16.5, 17, 17.5, 18, 18.5, 19, 19.5, 20]
TMD: [0.51889226, 0.51890178, 0.5177054, 0.40945956, 0.31776971, 0.24021648, 0.18497784, 0.14816795, 0.12288515, 0.10442632, 0.090360886, 0.0795624, 0.071141377, 0.064549564, 0.059241362, 0.054886844, 0.051189676, 0.048017868, 0.045344622, 0.042881959, 0.040700755, 0.038778362, 0.037011053, 0.035410328, 0.033914746, 0.032545272, 0.031304519, 0.030139178, 0.029073409, 0.028081479, 0.027167561, 0.02630283, 0.02552098, 0.024744321, 0.024009639, 0.023330834, 0.022698793, 0.022065284, 0.02146764, 0.020887848, 0.020306862, 0.019787044]
