Flavour index: 1
Scale: 5
Bjorken x: 0.1
qT: [0.001, 0.01, 0.1, 1, 1.5, 2, 2.5, 3, 3.5, 4, 4.5, 5, 5.5, 6, 6.5, 7, 7.5, 8, 8.5, 9, 9.5, 10, 10.5, 11, 11.5, 12, 12.5, 13, 13.5, 14, 14.5, 15, 15.5, 16, 16.5, 17, 17.5, 18, 18.5, 19, 19.5, 20]
TMD: [0.52358283, 0.52359084, 0.52218311, 0.40666187, 0.31416165, 0.23879182, 0.18564502, 0.14920033, 0.12349286, 0.10469596, 0.090493843, 0.079642136, 0.071192433, 0.064580353, 0.059258249, 0.054894751, 0.051192775, 0.048018775, 0.045344211, 0.042881948, 0.040701098, 0.038778789, 0.037011753, 0.035411118, 0.033915673, 0.032546431, 0.031305645, 0.030140452, 0.029074631, 0.028082788, 0.02716865, 0.026303769, 0.025521456, 0.024744801, 0.024010123, 0.023331153, 0.022698844, 0.022065432, 0.021467832, 0.02088819, 0.020307265, 0.019787513]
