Flavour index: 1
Scale: 5
Bjorken x: 0.1
qT: [0.001, 0.01, 0.1, 1, 1.5, 2, 2.5, 3, 3.5, 4, 4.5, 5, 5.5, 6, 6.5, 7, 7.5, 8, 8.5, 9, 9.5, 10, 10.5, 11, 11.5, 12, 12.5, 13, 13.5, 14, 14.5, 15, 15.5, 16, 16.5, 17, 17.5, 18, 18.5, 19, 19.5, 20]
TMD: [0.59664026, 0.59652111, 0.59483005, 0.44253441, 0.32476867, 0.23566577, 0.17984325, 0.14526433, 0.12127409, 0.10318201, 0.089278456, 0.078650272, 0.070461577, 0.064047961, 0.058877463, 0.054625703, 0.050996372, 0.047869188, 0.045234044, 0.042793964, 0.040626367, 0.038719877, 0.03696265, 0.035370158, 0.03387947, 0.032512366, 0.03127547, 0.030111607, 0.029048737, 0.028058162, 0.02714788, 0.026285781, 0.025509289, 0.024733381, 0.023999312, 0.023322627, 0.022693584, 0.022059559, 0.021461857, 0.020880927, 0.020299653, 0.019779432]
