Flavour index: 1
Scale: 5
Bjorken x: 0.1
qT: [0.001, 0.01, 0.1, 1, 1.5, 2, 2.5, 3, 3.5, 4, 4.5, 5, 5.5, 6, 6.5, 7, 7.5, 8, 8.5, 9, 9.5, 10, 10.5, 11, 11.5, 12, 12.5, 13, 13.5, 14, 14.5, 15, 15.5, 16, 16.5, 17, 17.5, 18, 18.5, 19, 19.5, 20]
TMD: [0.57719896, 0.57708452, 0.57546349, 0.42982134, 0.317661, 0.2329234, 0.17949513, 0.14583898, 0.12207114, 0.10399294, 0.09003099, 0.079335882, 0.071005624, 0.06448188, 0.059215874, 0.054884811, 0.051195045, 0.048022676, 0.045349709, 0.042885074, 0.040699331, 0.038777455, 0.037009682, 0.035408909, 0.03391255, 0.032541626, 0.03130073, 0.030134466, 0.029068862, 0.028076587, 0.027163699, 0.026299619, 0.025519914, 0.024743114, 0.024008306, 0.023330221, 0.022699391, 0.022065326, 0.02146741, 0.020886842, 0.020305544, 0.019785388]
