Flavour index: 1
Scale: 5
Bjorken x: 0.1
qT: [0.001, 0.01, 0.1, 1, 1.5, 2, 2.5, 3, 3.5, 4, 4.5, 5, 5.5, 6, 6.5, 7, 7.5, 8, 8.5, 9, 9.5, 10, 10.5, 11, 11.5, 12, 12.5, 13, 13.5, 14, 14.5, 15, 15.5, 16, 16.5, 17, 17.5, 18, 18.5, 19, 19.5, 20]
TMD: [0.60955493, 0.60943365, 0.60760698, 0.44595179, 0.32390782, 0.23409006, 0.17910216, 0.14510778, 0.12122847, 0.10311827, 0.089217686, 0.078605471, 0.07043054, 0.064027634, 0.0588647, 0.054617799, 0.050990513, 0.047864537, 0.045230546, 0.042790674, 0.040623384, 0.038717572, 0.036960723, 0.035368565, 0.033877985, 0.032510834, 0.031274067, 0.030110173, 0.02904743, 0.028056881, 0.027146833, 0.026284892, 0.025508799, 0.024732902, 0.02399884, 0.023322299, 0.022693479, 0.022059379, 0.021461647, 0.0208806, 0.020299285, 0.019779017]
