Flavour index: 1
Scale: 5
Bjorken x: 0.1
qT: [0.001, 0.01, 0.1, 1, 1.5, 2, 2.5, 3, 3.5, 4, 4.5, 5, 5.5, 6, 6.5, 7, 7.5, 8, 8.5, 9, 9.5, 10, 10.5, 11, 11.5, 12, 12.5, 13, 13.5, 14, 14.5, 15, 15.5, 16, 16.5, 17, 17.5, 18, 18.5, 19, 19.5, 20]
TMD: [0.6491067, 0.64897829, 0.64685851, 0.46137049, 0.32590219, 0.23109752, 0.17657073, 0.1439047, 0.12055685, 0.10254428, 0.088650363, 0.078223012, 0.070145351, 0.063821221, 0.058718076, 0.054514689, 0.050914936, 0.047806612, 0.045187782, 0.04275557, 0.040594065, 0.038694537, 0.036941573, 0.035352626, 0.033863844, 0.032497451, 0.031262187, 0.030098773, 0.029037195, 0.028047147, 0.027138647, 0.026277816, 0.025504078, 0.024728458, 0.023994623, 0.023318999, 0.022691498, 0.022057131, 0.021459345, 0.020877759, 0.020296296, 0.019775829]
