Flavour index: 1
Scale: 5
Bjorken x: 0.1
qT: [0.001, 0.01, 0.1, 1, 1.5, 2, 2.5, 3, 3.5, 4, 4.5, 5, 5.5, 6, 6.5, 7, 7.5, 8, 8.5, 9, 9.5, 10, 10.5, 11, 11.5, 12, 12.5, 13, 13.5, 14, 14.5, 15, 15.5, 16, 16.5, 17, 17.5, 18, 18.5, 19, 19.5, 20]
TMD: [0.5602001, 0.56020852, 0.55865871, 0.42969961, 0.32440686, 0.23928053, 0.18236782, 0.14621736, 0.12165967, 0.10352082, 0.089600663, 0.078908273, 0.070651329, 0.064182372, 0.058971138, 0.054690398, 0.051043626, 0.04790623, 0.045261495, 0.042814485, 0.040645915, 0.03873517, 0.036975361, 0.035380714, 0.033888898, 0.032521455, 0.031283597, 0.030119521, 0.029055868, 0.02806499, 0.02715358, 0.026290685, 0.025512425, 0.024736356, 0.024002156, 0.023324798, 0.022694768, 0.022060981, 0.021463347, 0.020882856, 0.020301712, 0.019781657]
