Flavour index: 1
Scale: 5
Bjorken x: 0.1
qT: [0.001, 0.01, 0.1, 1, 1.5, 2, 2.5, 3, 3.5, 4, 4.5, 5, 5.5, 6, 6.5, 7, 7.5, 8, 8.5, 9, 9.5, 10, 10.5, 11, 11.5, 12, 12.5, 13, 13.5, 14, 14.5, 15, 15.5, 16, 16.5, 17, 17.5, 18, 18.5, 19, 19.5, 20]
TMD: [0.63954873, 0.63974821, 0.63715453, 0.44346997, 0.30991451, 0.22274301, 0.17485287, 0.14489885, 0.1219616, 0.10388969, 0.08992386, 0.079386986, 0.071098511, 0.064593252, 0.059329292, 0.054988221, 0.051280774, 0.048090201, 0.045402608, 0.042924165, 0.040728629, 0.038801405, 0.0370289, 0.035424606, 0.033924983, 0.032551029, 0.031308245, 0.030140066, 0.029073427, 0.028080101, 0.027167027, 0.026302679, 0.025523567, 0.024746235, 0.024010981, 0.023332951, 0.022702468, 0.022067867, 0.021469604, 0.020888462, 0.020306867, 0.019786423]
