Flavour index: 1
Scale: 5
Bjorken x: 0.1
qT: [0.001, 0.01, 0.1, 1, 1.5, 2, 2.5, 3, 3.5, 4, 4.5, 5, 5.5, 6, 6.5, 7, 7.5, 8, 8.5, 9, 9.5, 10, 10.5, 11, 11.5, 12, 12.5, 13, 13.5, 14, 14.5, 15, 15.5, 16, 16.5, 17, 17.5, 18, 18.5, 19, 19.5, 20]
TMD: [0.53266005, 0.53266922, 0.5312882, 0.4158723, 0.3203713, 0.24094375, 0.18525985, 0.14816024, 0.12259235, 0.1040076, 0.089958223, 0.079223283, 0.070864911, 0.064331343, 0.059072732, 0.054758772, 0.051092114, 0.047943094, 0.045288563, 0.042837815, 0.040665704, 0.038750809, 0.036988583, 0.035391817, 0.033898892, 0.032531199, 0.031292345, 0.030128133, 0.029063675, 0.028072561, 0.027159904, 0.026296128, 0.02551585, 0.024739615, 0.024005284, 0.023327161, 0.022695997, 0.022062499, 0.021464955, 0.020884977, 0.020304, 0.019784144]
