# Kinematical values to test

qToQ: [0.05, 0.1, 0.15, 0.2, 0.25, 0.3, 0.35, 0.4, 0.45, 0.5, 0.55, 0.6, 0.65, 0.7, 0.75, 0.8, 0.85, 0.9, 0.95, 1]
Q: [1.05, 3.00, 7.00, 28.00, 43.426410]
x: [0.000015, 0.00015, 0.005, 0.051, 0.11, 0.19, 0.33, 0.44]
z: [0.1, 0.2, 0.3, 0.4, 0.5]
