Flavour index: 1
Scale: 5
Bjorken x: 0.1
qT: [0.001, 0.01, 0.1, 1, 1.5, 2, 2.5, 3, 3.5, 4, 4.5, 5, 5.5, 6, 6.5, 7, 7.5, 8, 8.5, 9, 9.5, 10, 10.5, 11, 11.5, 12, 12.5, 13, 13.5, 14, 14.5, 15, 15.5, 16, 16.5, 17, 17.5, 18, 18.5, 19, 19.5, 20]
TMD: [0.60848612, 0.60836468, 0.60658346, 0.44615932, 0.32491611, 0.23520021, 0.17970116, 0.14518268, 0.12108139, 0.10297168, 0.089106319, 0.078514278, 0.070355291, 0.063968093, 0.058818546, 0.054582661, 0.050964334, 0.047845109, 0.045215987, 0.042779535, 0.040614659, 0.038710697, 0.036955111, 0.035363919, 0.033874019, 0.03250738, 0.031271101, 0.030107534, 0.029045113, 0.028054776, 0.027145, 0.026283273, 0.025507488, 0.024731709, 0.023997746, 0.02332135, 0.022692703, 0.022058634, 0.021460942, 0.020879883, 0.020298585, 0.019778322]
