Flavour index: 1
Scale: 5
Bjorken x: 0.1
qT: [0.001, 0.01, 0.1, 1, 1.5, 2, 2.5, 3, 3.5, 4, 4.5, 5, 5.5, 6, 6.5, 7, 7.5, 8, 8.5, 9, 9.5, 10, 10.5, 11, 11.5, 12, 12.5, 13, 13.5, 14, 14.5, 15, 15.5, 16, 16.5, 17, 17.5, 18, 18.5, 19, 19.5, 20]
TMD: [0.58282875, 0.58283101, 0.58079494, 0.42116311, 0.31312497, 0.23579979, 0.1839119, 0.14815229, 0.12274418, 0.10407463, 0.089950139, 0.079198909, 0.070850547, 0.064329144, 0.059077022, 0.054765035, 0.051096599, 0.047944703, 0.045288956, 0.042838754, 0.040664068, 0.038749825, 0.036987889, 0.035391361, 0.033898278, 0.032530174, 0.031291277, 0.030126799, 0.029062413, 0.028071237, 0.027158906, 0.026295331, 0.025515688, 0.024739399, 0.024005021, 0.023327104, 0.022696288, 0.022062613, 0.021464981, 0.020884765, 0.020303696, 0.019783741]
