Flavour index: 1
Scale: 5
Bjorken x: 0.1
qT: [0.001, 0.01, 0.1, 1, 1.5, 2, 2.5, 3, 3.5, 4, 4.5, 5, 5.5, 6, 6.5, 7, 7.5, 8, 8.5, 9, 9.5, 10, 10.5, 11, 11.5, 12, 12.5, 13, 13.5, 14, 14.5, 15, 15.5, 16, 16.5, 17, 17.5, 18, 18.5, 19, 19.5, 20]
TMD: [0.57557983, 0.57558641, 0.57391177, 0.43247157, 0.32160109, 0.23597234, 0.18087275, 0.14606289, 0.12186686, 0.1036913, 0.089715287, 0.079031597, 0.070732232, 0.064250835, 0.059027114, 0.054734625, 0.051077207, 0.047930965, 0.045279588, 0.042830285, 0.040655964, 0.038743168, 0.036981884, 0.035386131, 0.033893411, 0.032525168, 0.031286703, 0.030122117, 0.029058104, 0.028066939, 0.027155339, 0.026292272, 0.025513917, 0.024737683, 0.024003345, 0.023325903, 0.022695816, 0.022061917, 0.021464198, 0.020883617, 0.020302414, 0.019782308]
