Flavour index: 1
Scale: 5
Bjorken x: 0.1
qT: [0.001, 0.01, 0.1, 1, 1.5, 2, 2.5, 3, 3.5, 4, 4.5, 5, 5.5, 6, 6.5, 7, 7.5, 8, 8.5, 9, 9.5, 10, 10.5, 11, 11.5, 12, 12.5, 13, 13.5, 14, 14.5, 15, 15.5, 16, 16.5, 17, 17.5, 18, 18.5, 19, 19.5, 20]
TMD: [0.67648411, 0.67648083, 0.67356721, 0.454437, 0.31693835, 0.23098153, 0.18001125, 0.14549706, 0.12062759, 0.10243799, 0.088704983, 0.0782492, 0.07013531, 0.063811005, 0.058707221, 0.054504437, 0.050906456, 0.047800064, 0.045182459, 0.042751762, 0.04059174, 0.03869293, 0.036940565, 0.035351913, 0.033863267, 0.032497238, 0.031262112, 0.030098943, 0.029037428, 0.028047489, 0.027138873, 0.026277976, 0.025503942, 0.024728373, 0.023994582, 0.023318865, 0.022691196, 0.022056934, 0.021459206, 0.020877745, 0.020296346, 0.019775937]
