Flavour index: 1
Scale: 5
Bjorken x: 0.1
qT: [0.001, 0.01, 0.1, 1, 1.5, 2, 2.5, 3, 3.5, 4, 4.5, 5, 5.5, 6, 6.5, 7, 7.5, 8, 8.5, 9, 9.5, 10, 10.5, 11, 11.5, 12, 12.5, 13, 13.5, 14, 14.5, 15, 15.5, 16, 16.5, 17, 17.5, 18, 18.5, 19, 19.5, 20]
TMD: [0.57006375, 0.57006972, 0.56839019, 0.42662369, 0.31883247, 0.23659633, 0.18256897, 0.14714095, 0.12227643, 0.10385313, 0.089819719, 0.079107385, 0.070783695, 0.064282083, 0.05904464, 0.054743612, 0.051082185, 0.047934477, 0.045281869, 0.04283283, 0.040658769, 0.038745463, 0.03698403, 0.035388026, 0.033895267, 0.032527243, 0.031288653, 0.030124215, 0.02906006, 0.028068936, 0.02715697, 0.026293656, 0.025514617, 0.024738382, 0.024004046, 0.023326361, 0.022695888, 0.022062131, 0.021464474, 0.020884107, 0.020302987, 0.019782972]
