Flavour index: 1
Scale: 5
Bjorken x: 0.1
qT: [0.001, 0.01, 0.1, 1, 1.5, 2, 2.5, 3, 3.5, 4, 4.5, 5, 5.5, 6, 6.5, 7, 7.5, 8, 8.5, 9, 9.5, 10, 10.5, 11, 11.5, 12, 12.5, 13, 13.5, 14, 14.5, 15, 15.5, 16, 16.5, 17, 17.5, 18, 18.5, 19, 19.5, 20]
TMD: [0.5968732, 0.59687982, 0.59509, 0.44452507, 0.32731237, 0.2376053, 0.18060211, 0.14515456, 0.12088492, 0.10283259, 0.089014606, 0.078444374, 0.070298884, 0.063922375, 0.058782145, 0.054554536, 0.050943388, 0.047829935, 0.045205058, 0.0427716, 0.040608632, 0.038705868, 0.036951119, 0.035360565, 0.033871195, 0.032505024, 0.031269117, 0.030105852, 0.029043653, 0.028053485, 0.027143838, 0.026282226, 0.025506529, 0.024730851, 0.023996974, 0.023320641, 0.022692047, 0.022058042, 0.0214604, 0.020879387, 0.020298122, 0.019777885]
