Flavour index: 1
Scale: 5
Bjorken x: 0.1
qT: [0.001, 0.01, 0.1, 1, 1.5, 2, 2.5, 3, 3.5, 4, 4.5, 5, 5.5, 6, 6.5, 7, 7.5, 8, 8.5, 9, 9.5, 10, 10.5, 11, 11.5, 12, 12.5, 13, 13.5, 14, 14.5, 15, 15.5, 16, 16.5, 17, 17.5, 18, 18.5, 19, 19.5, 20]
TMD: [0.56549505, 0.5654978, 0.56359665, 0.41337403, 0.3100441, 0.2346937, 0.18370313, 0.14853587, 0.12335498, 0.10466564, 0.090450675, 0.079601467, 0.071166685, 0.064569948, 0.059257553, 0.054898491, 0.05119616, 0.048019977, 0.045344582, 0.042882383, 0.040699056, 0.03877734, 0.037010501, 0.035410115, 0.033914531, 0.032544835, 0.031304052, 0.030138556, 0.029072839, 0.028080904, 0.027167185, 0.02630257, 0.025521077, 0.024744372, 0.024009648, 0.023330951, 0.022699097, 0.022065473, 0.021467769, 0.020887833, 0.020306793, 0.019786916]
