Flavour index: 1
Scale: 5
Bjorken x: 0.1
qT: [0.001, 0.01, 0.1, 1, 1.5, 2, 2.5, 3, 3.5, 4, 4.5, 5, 5.5, 6, 6.5, 7, 7.5, 8, 8.5, 9, 9.5, 10, 10.5, 11, 11.5, 12, 12.5, 13, 13.5, 14, 14.5, 15, 15.5, 16, 16.5, 17, 17.5, 18, 18.5, 19, 19.5, 20]
TMD: [0.59451064, 0.59439288, 0.59263732, 0.43698044, 0.31923696, 0.23239201, 0.17899468, 0.14565465, 0.12192443, 0.10376282, 0.08976662, 0.079088947, 0.070792938, 0.064308361, 0.059078058, 0.054777362, 0.051110549, 0.047955777, 0.045298412, 0.042843966, 0.040666119, 0.03875123, 0.036988336, 0.035391414, 0.033897679, 0.032528482, 0.031289397, 0.03012421, 0.029059853, 0.028068363, 0.027156674, 0.026293499, 0.025515267, 0.024738856, 0.02400437, 0.023326918, 0.0226969, 0.022062835, 0.021465004, 0.020884257, 0.020302963, 0.019782772]
