Flavour index: 1
Scale: 5
Bjorken x: 0.1
qT: [0.001, 0.01, 0.1, 1, 1.5, 2, 2.5, 3, 3.5, 4, 4.5, 5, 5.5, 6, 6.5, 7, 7.5, 8, 8.5, 9, 9.5, 10, 10.5, 11, 11.5, 12, 12.5, 13, 13.5, 14, 14.5, 15, 15.5, 16, 16.5, 17, 17.5, 18, 18.5, 19, 19.5, 20]
TMD: [0.59815537, 0.59803612, 0.59631965, 0.44231746, 0.32383356, 0.23481542, 0.17946336, 0.14525276, 0.12137902, 0.10328844, 0.089362715, 0.078717167, 0.070515364, 0.064090589, 0.058910576, 0.054650872, 0.051015299, 0.047883334, 0.045244464, 0.042801915, 0.0406326, 0.038724801, 0.036966683, 0.035373504, 0.033882328, 0.032514859, 0.031277611, 0.030113514, 0.029050411, 0.028059683, 0.027149204, 0.02628695, 0.025510234, 0.024734241, 0.024000101, 0.023323311, 0.022694142, 0.022060095, 0.021462365, 0.020881444, 0.020300159, 0.019779934]
