Flavour index: 1
Scale: 5
Bjorken x: 0.1
qT: [0.001, 0.01, 0.1, 1, 1.5, 2, 2.5, 3, 3.5, 4, 4.5, 5, 5.5, 6, 6.5, 7, 7.5, 8, 8.5, 9, 9.5, 10, 10.5, 11, 11.5, 12, 12.5, 13, 13.5, 14, 14.5, 15, 15.5, 16, 16.5, 17, 17.5, 18, 18.5, 19, 19.5, 20]
TMD: [0.5305822, 0.5305899, 0.52921469, 0.4105777, 0.31398007, 0.23555802, 0.18222257, 0.14731744, 0.12296526, 0.10475017, 0.090696041, 0.079871802, 0.071420074, 0.064790514, 0.059441959, 0.055048622, 0.051317175, 0.048116721, 0.045420059, 0.04294214, 0.040746386, 0.038814501, 0.037040297, 0.035434296, 0.03393477, 0.032562204, 0.031318839, 0.030151542, 0.029084105, 0.028090926, 0.027175822, 0.02631013, 0.025527221, 0.024749932, 0.024014723, 0.023335359, 0.022702739, 0.022068952, 0.021471049, 0.020891132, 0.020309988, 0.019790057]
