Flavour index: 1
Scale: 5
Bjorken x: 0.1
qT: [0.001, 0.01, 0.1, 1, 1.5, 2, 2.5, 3, 3.5, 4, 4.5, 5, 5.5, 6, 6.5, 7, 7.5, 8, 8.5, 9, 9.5, 10, 10.5, 11, 11.5, 12, 12.5, 13, 13.5, 14, 14.5, 15, 15.5, 16, 16.5, 17, 17.5, 18, 18.5, 19, 19.5, 20]
TMD: [0.66782111, 0.66781915, 0.66507197, 0.4551793, 0.31863631, 0.23043195, 0.17873531, 0.14513063, 0.12083026, 0.10263916, 0.088825103, 0.078334495, 0.070199321, 0.06385914, 0.058744011, 0.054531682, 0.050926732, 0.047815257, 0.045193527, 0.042760305, 0.040598397, 0.038698142, 0.036944814, 0.035355443, 0.033866351, 0.032499941, 0.031264436, 0.030101016, 0.029039246, 0.02804915, 0.02714032, 0.026279256, 0.02550497, 0.02472931, 0.023995444, 0.023319611, 0.022691799, 0.022057516, 0.021459758, 0.020878313, 0.020296902, 0.019776492]
