Flavour index: 1
Scale: 5
Bjorken x: 0.1
qT: [0.001, 0.01, 0.1, 1, 1.5, 2, 2.5, 3, 3.5, 4, 4.5, 5, 5.5, 6, 6.5, 7, 7.5, 8, 8.5, 9, 9.5, 10, 10.5, 11, 11.5, 12, 12.5, 13, 13.5, 14, 14.5, 15, 15.5, 16, 16.5, 17, 17.5, 18, 18.5, 19, 19.5, 20]
TMD: [0.55490461, 0.55491292, 0.55338985, 0.42647284, 0.32258192, 0.23842653, 0.18211619, 0.14631659, 0.12191052, 0.1037903, 0.089835348, 0.079100277, 0.070804643, 0.064301869, 0.05906263, 0.054759246, 0.051095551, 0.047945664, 0.045290817, 0.042837508, 0.040664178, 0.038749548, 0.036987136, 0.035390453, 0.033897271, 0.032528912, 0.031290058, 0.030125399, 0.029061059, 0.028069763, 0.027157682, 0.026294279, 0.025515168, 0.024738875, 0.024004489, 0.023326763, 0.022696256, 0.022062467, 0.021464782, 0.020884396, 0.020303251, 0.019783219]
