Flavour index: 1
Scale: 5
Bjorken x: 0.1
qT: [0.001, 0.01, 0.1, 1, 1.5, 2, 2.5, 3, 3.5, 4, 4.5, 5, 5.5, 6, 6.5, 7, 7.5, 8, 8.5, 9, 9.5, 10, 10.5, 11, 11.5, 12, 12.5, 13, 13.5, 14, 14.5, 15, 15.5, 16, 16.5, 17, 17.5, 18, 18.5, 19, 19.5, 20]
TMD: [0.54860996, 0.54861709, 0.5471368, 0.41874185, 0.31686604, 0.23624566, 0.18239091, 0.1472561, 0.12267623, 0.10433853, 0.090271685, 0.079489816, 0.071094855, 0.064525774, 0.059231697, 0.054884876, 0.051189563, 0.0480169, 0.045343685, 0.042881533, 0.040697746, 0.038776076, 0.037009006, 0.035408602, 0.033912939, 0.032543015, 0.031302329, 0.030136691, 0.029071077, 0.028079072, 0.027165653, 0.026301244, 0.025520347, 0.024743651, 0.024008933, 0.023330453, 0.022698945, 0.022065206, 0.021467454, 0.020887336, 0.020306224, 0.019786268]
