Flavour index: 1
Scale: 5
Bjorken x: 0.1
qT: [0.001, 0.01, 0.1, 1, 1.5, 2, 2.5, 3, 3.5, 4, 4.5, 5, 5.5, 6, 6.5, 7, 7.5, 8, 8.5, 9, 9.5, 10, 10.5, 11, 11.5, 12, 12.5, 13, 13.5, 14, 14.5, 15, 15.5, 16, 16.5, 17, 17.5, 18, 18.5, 19, 19.5, 20]
TMD: [0.60735463, 0.60723408, 0.60542546, 0.44472637, 0.3226706, 0.23277502, 0.17824204, 0.14491663, 0.12140775, 0.10335527, 0.089416692, 0.078771049, 0.070568576, 0.064138582, 0.05895161, 0.054684533, 0.051041365, 0.047903104, 0.045259296, 0.042812896, 0.040640877, 0.038731334, 0.036971916, 0.035377785, 0.033885838, 0.032517683, 0.031279948, 0.030115418, 0.029052029, 0.028061054, 0.027150449, 0.026288077, 0.025511348, 0.024735224, 0.024000973, 0.023324139, 0.022694964, 0.022060814, 0.02146301, 0.020881998, 0.020300655, 0.019780381]
