Flavour index: 1
Scale: 5
Bjorken x: 0.1
qT: [0.001, 0.01, 0.1, 1, 1.5, 2, 2.5, 3, 3.5, 4, 4.5, 5, 5.5, 6, 6.5, 7, 7.5, 8, 8.5, 9, 9.5, 10, 10.5, 11, 11.5, 12, 12.5, 13, 13.5, 14, 14.5, 15, 15.5, 16, 16.5, 17, 17.5, 18, 18.5, 19, 19.5, 20]
TMD: [0.62112091, 0.62112286, 0.61898345, 0.44329781, 0.31593783, 0.22735127, 0.17618213, 0.14476415, 0.12170813, 0.10369518, 0.089711332, 0.079170392, 0.070902291, 0.064423846, 0.059187578, 0.054873757, 0.051190393, 0.048019156, 0.045348366, 0.042882244, 0.040695659, 0.038774778, 0.037007179, 0.035406715, 0.03391005, 0.032538354, 0.031297508, 0.030130755, 0.029065356, 0.028072939, 0.027160782, 0.026297173, 0.025518911, 0.024742049, 0.024007185, 0.023329593, 0.022699576, 0.022065165, 0.021467086, 0.020886019, 0.020304529, 0.019784161]
