Flavour index: 1
Scale: 5
Bjorken x: 0.1
qT: [0.001, 0.01, 0.1, 1, 1.5, 2, 2.5, 3, 3.5, 4, 4.5, 5, 5.5, 6, 6.5, 7, 7.5, 8, 8.5, 9, 9.5, 10, 10.5, 11, 11.5, 12, 12.5, 13, 13.5, 14, 14.5, 15, 15.5, 16, 16.5, 17, 17.5, 18, 18.5, 19, 19.5, 20]
TMD: [0.51076942, 0.51077972, 0.50958789, 0.4074129, 0.31856533, 0.24109606, 0.18514889, 0.14794699, 0.12271664, 0.10440878, 0.09039126, 0.079631192, 0.071200749, 0.064597783, 0.059280643, 0.054918537, 0.051215196, 0.048038386, 0.04536071, 0.042894838, 0.040711011, 0.03878638, 0.037017483, 0.035415547, 0.033919132, 0.032549106, 0.031307814, 0.03014212, 0.029075976, 0.028083776, 0.027169523, 0.026304538, 0.025522314, 0.024745537, 0.024010756, 0.023331785, 0.022699542, 0.022066017, 0.021468341, 0.020888579, 0.020307581, 0.019787762]
