Flavour index: 1
Scale: 5
Bjorken x: 0.1
qT: [0.001, 0.01, 0.1, 1, 1.5, 2, 2.5, 3, 3.5, 4, 4.5, 5, 5.5, 6, 6.5, 7, 7.5, 8, 8.5, 9, 9.5, 10, 10.5, 11, 11.5, 12, 12.5, 13, 13.5, 14, 14.5, 15, 15.5, 16, 16.5, 17, 17.5, 18, 18.5, 19, 19.5, 20]
TMD: [0.63455048, 0.63442505, 0.63236948, 0.45285834, 0.32244954, 0.23107275, 0.17764336, 0.14480163, 0.1211418, 0.1029853, 0.089086022, 0.078538747, 0.070359408, 0.063979268, 0.058832953, 0.054597089, 0.050975403, 0.04785234, 0.04522139, 0.042782453, 0.04061614, 0.038711958, 0.03695606, 0.035364714, 0.033874461, 0.032507296, 0.031270858, 0.030106953, 0.029044509, 0.028054046, 0.027144499, 0.026282903, 0.025507642, 0.024731782, 0.023997751, 0.023321515, 0.022693158, 0.022058916, 0.021461131, 0.02087985, 0.020298459, 0.019778098]
