Flavour index: 1
Scale: 5
Bjorken x: 0.1
qT: [0.001, 0.01, 0.1, 1, 1.5, 2, 2.5, 3, 3.5, 4, 4.5, 5, 5.5, 6, 6.5, 7, 7.5, 8, 8.5, 9, 9.5, 10, 10.5, 11, 11.5, 12, 12.5, 13, 13.5, 14, 14.5, 15, 15.5, 16, 16.5, 17, 17.5, 18, 18.5, 19, 19.5, 20]
TMD: [0.57449686, 0.57438362, 0.57274296, 0.42484047, 0.31319292, 0.23056034, 0.17904377, 0.14622168, 0.12259297, 0.10444999, 0.090416352, 0.0796555, 0.071264893, 0.064685484, 0.059372676, 0.055003374, 0.051284678, 0.048090781, 0.045400463, 0.042924674, 0.040730938, 0.038802418, 0.03703016, 0.035425861, 0.03392708, 0.032554513, 0.031311873, 0.030144569, 0.029077776, 0.028084775, 0.027170746, 0.026305798, 0.025524666, 0.024747471, 0.024012334, 0.023333626, 0.022701997, 0.022067914, 0.021469902, 0.020889494, 0.020308187, 0.019788063]
