Flavour index: 1
Scale: 5
Bjorken x: 0.1
qT: [0.001, 0.01, 0.1, 1, 1.5, 2, 2.5, 3, 3.5, 4, 4.5, 5, 5.5, 6, 6.5, 7, 7.5, 8, 8.5, 9, 9.5, 10, 10.5, 11, 11.5, 12, 12.5, 13, 13.5, 14, 14.5, 15, 15.5, 16, 16.5, 17, 17.5, 18, 18.5, 19, 19.5, 20]
TMD: [0.57123485, 0.57124207, 0.56962284, 0.4320041, 0.3228802, 0.23736292, 0.18155201, 0.14616132, 0.12176094, 0.10357487, 0.08962196, 0.07895453, 0.070667586, 0.06419796, 0.058984967, 0.054701893, 0.051052318, 0.047912307, 0.045265793, 0.042819861, 0.040647885, 0.038736785, 0.036976686, 0.035381833, 0.033889782, 0.03252207, 0.031284067, 0.03011982, 0.029056101, 0.028065148, 0.027153765, 0.026290874, 0.02551273, 0.024736611, 0.02400237, 0.023325037, 0.022695069, 0.022061219, 0.021463547, 0.020882983, 0.020301807, 0.019781718]
