Flavour index: 1
Scale: 5
Bjorken x: 0.1
qT: [0.001, 0.01, 0.1, 1, 1.5, 2, 2.5, 3, 3.5, 4, 4.5, 5, 5.5, 6, 6.5, 7, 7.5, 8, 8.5, 9, 9.5, 10, 10.5, 11, 11.5, 12, 12.5, 13, 13.5, 14, 14.5, 15, 15.5, 16, 16.5, 17, 17.5, 18, 18.5, 19, 19.5, 20]
TMD: [0.62041206, 0.62041541, 0.61836794, 0.44867062, 0.32062965, 0.22837513, 0.17492842, 0.143628, 0.12128589, 0.10352168, 0.089525013, 0.078967283, 0.070775524, 0.064333035, 0.059121518, 0.054826977, 0.051156633, 0.047993786, 0.045329322, 0.042867465, 0.040683469, 0.038764879, 0.03699877, 0.035399984, 0.033904167, 0.032532834, 0.031292612, 0.030126088, 0.029061159, 0.028068956, 0.027157407, 0.026294243, 0.025516885, 0.024740154, 0.024005397, 0.023328167, 0.022698658, 0.022064164, 0.021466078, 0.020884823, 0.020303283, 0.019782847]
