Flavour index: 1
Scale: 5
Bjorken x: 0.1
qT: [0.001, 0.01, 0.1, 1, 1.5, 2, 2.5, 3, 3.5, 4, 4.5, 5, 5.5, 6, 6.5, 7, 7.5, 8, 8.5, 9, 9.5, 10, 10.5, 11, 11.5, 12, 12.5, 13, 13.5, 14, 14.5, 15, 15.5, 16, 16.5, 17, 17.5, 18, 18.5, 19, 19.5, 20]
TMD: [0.66149793, 0.66149497, 0.65874882, 0.44799059, 0.31110946, 0.22544946, 0.17743656, 0.14576209, 0.1217804, 0.10348019, 0.089546826, 0.078930641, 0.070677523, 0.064231891, 0.059029138, 0.05474577, 0.051087976, 0.047936956, 0.045283504, 0.042830108, 0.040653834, 0.038741848, 0.036980669, 0.035385164, 0.033891862, 0.032522584, 0.031284034, 0.030118789, 0.029054938, 0.028063569, 0.02715275, 0.026290167, 0.025513395, 0.024737034, 0.024002585, 0.02332566, 0.022696453, 0.022062124, 0.02146419, 0.020883018, 0.020301585, 0.019781226]
