Flavour index: 1
Scale: 5
Bjorken x: 0.1
qT: [0.001, 0.01, 0.1, 1, 1.5, 2, 2.5, 3, 3.5, 4, 4.5, 5, 5.5, 6, 6.5, 7, 7.5, 8, 8.5, 9, 9.5, 10, 10.5, 11, 11.5, 12, 12.5, 13, 13.5, 14, 14.5, 15, 15.5, 16, 16.5, 17, 17.5, 18, 18.5, 19, 19.5, 20]
TMD: [0.63131209, 0.63127809, 0.6290656, 0.44827353, 0.31566542, 0.22377423, 0.17276577, 0.14313928, 0.12131213, 0.10364069, 0.089716736, 0.079214974, 0.07103363, 0.064573386, 0.059334146, 0.05500793, 0.051306335, 0.048115443, 0.045426615, 0.042945636, 0.040746359, 0.038815663, 0.037040335, 0.035434233, 0.033932696, 0.032556897, 0.031312908, 0.030143532, 0.029076164, 0.028082113, 0.027168815, 0.02630424, 0.025525383, 0.02474775, 0.024012246, 0.023334233, 0.022703931, 0.022069055, 0.021470611, 0.020889171, 0.02030741, 0.019786808]
