Flavour index: 1
Scale: 5
Bjorken x: 0.1
qT: [0.001, 0.01, 0.1, 1, 1.5, 2, 2.5, 3, 3.5, 4, 4.5, 5, 5.5, 6, 6.5, 7, 7.5, 8, 8.5, 9, 9.5, 10, 10.5, 11, 11.5, 12, 12.5, 13, 13.5, 14, 14.5, 15, 15.5, 16, 16.5, 17, 17.5, 18, 18.5, 19, 19.5, 20]
TMD: [0.59661572, 0.59649867, 0.59461047, 0.4314741, 0.31268763, 0.2285841, 0.17809978, 0.14599754, 0.12244397, 0.10424959, 0.090227443, 0.079503199, 0.071144545, 0.0645943, 0.059305053, 0.054953546, 0.051246285, 0.048060702, 0.045377503, 0.042905711, 0.040715216, 0.038790049, 0.037020005, 0.0354175, 0.033919788, 0.032547789, 0.031305972, 0.030139025, 0.029072846, 0.028080161, 0.027166859, 0.026302437, 0.025522341, 0.024745302, 0.024010294, 0.023331996, 0.022700943, 0.022066768, 0.02146875, 0.020888132, 0.020306777, 0.019786581]
