Flavour index: 1
Scale: 5
Bjorken x: 0.1
qT: [0.001, 0.01, 0.1, 1, 1.5, 2, 2.5, 3, 3.5, 4, 4.5, 5, 5.5, 6, 6.5, 7, 7.5, 8, 8.5, 9, 9.5, 10, 10.5, 11, 11.5, 12, 12.5, 13, 13.5, 14, 14.5, 15, 15.5, 16, 16.5, 17, 17.5, 18, 18.5, 19, 19.5, 20]
TMD: [0.55671502, 0.5567219, 0.55517256, 0.42301502, 0.31759277, 0.23464124, 0.18048061, 0.14612226, 0.12223436, 0.10419698, 0.090231469, 0.079500431, 0.071135643, 0.06458103, 0.059290103, 0.05493991, 0.051237266, 0.048056022, 0.04537522, 0.04290603, 0.040716658, 0.038791123, 0.037020915, 0.035418171, 0.033920597, 0.032549004, 0.031307189, 0.030140503, 0.029074223, 0.028081586, 0.027167919, 0.026303271, 0.025522476, 0.024745497, 0.024010541, 0.023332019, 0.022700584, 0.022066605, 0.021468687, 0.02088833, 0.020307076, 0.019786991]
