Flavour index: 1
Scale: 5
Bjorken x: 0.1
qT: [0.001, 0.01, 0.1, 1, 1.5, 2, 2.5, 3, 3.5, 4, 4.5, 5, 5.5, 6, 6.5, 7, 7.5, 8, 8.5, 9, 9.5, 10, 10.5, 11, 11.5, 12, 12.5, 13, 13.5, 14, 14.5, 15, 15.5, 16, 16.5, 17, 17.5, 18, 18.5, 19, 19.5, 20]
TMD: [0.56971175, 0.56971842, 0.56808768, 0.42967145, 0.32023943, 0.23514377, 0.18032524, 0.145864, 0.12194297, 0.10387852, 0.089918391, 0.079191876, 0.070899744, 0.064390381, 0.0591396, 0.05482323, 0.051146476, 0.04798492, 0.04532076, 0.042862607, 0.040681619, 0.038763378, 0.036998248, 0.035399523, 0.033904716, 0.032534982, 0.031295103, 0.030129584, 0.02906463, 0.028072827, 0.027160419, 0.026296726, 0.025517469, 0.024740914, 0.024006309, 0.023328454, 0.02269787, 0.022063904, 0.021466085, 0.020885553, 0.020304311, 0.019784194]
