Flavour index: 1
Scale: 5
Bjorken x: 0.1
qT: [0.001, 0.01, 0.1, 1, 1.5, 2, 2.5, 3, 3.5, 4, 4.5, 5, 5.5, 6, 6.5, 7, 7.5, 8, 8.5, 9, 9.5, 10, 10.5, 11, 11.5, 12, 12.5, 13, 13.5, 14, 14.5, 15, 15.5, 16, 16.5, 17, 17.5, 18, 18.5, 19, 19.5, 20]
TMD: [0.5846929, 0.58457697, 0.5828978, 0.43300418, 0.31858129, 0.23300492, 0.17950144, 0.14584346, 0.1220048, 0.10386787, 0.089888943, 0.07920162, 0.070887561, 0.06438365, 0.059136543, 0.054822098, 0.051145507, 0.047983483, 0.0453194, 0.042860876, 0.040679859, 0.038762044, 0.036997151, 0.035398643, 0.033903864, 0.032534031, 0.031294213, 0.030128631, 0.029063758, 0.028071962, 0.027159734, 0.026296158, 0.025517221, 0.024740658, 0.024006046, 0.023328301, 0.022697893, 0.022063855, 0.021466002, 0.020885365, 0.020304084, 0.019783924]
