Flavour index: 1
Scale: 5
Bjorken x: 0.1
qT: [0.001, 0.01, 0.1, 1, 1.5, 2, 2.5, 3, 3.5, 4, 4.5, 5, 5.5, 6, 6.5, 7, 7.5, 8, 8.5, 9, 9.5, 10, 10.5, 11, 11.5, 12, 12.5, 13, 13.5, 14, 14.5, 15, 15.5, 16, 16.5, 17, 17.5, 18, 18.5, 19, 19.5, 20]
TMD: [0.62196359, 0.62196607, 0.61985259, 0.44555887, 0.31824662, 0.22887018, 0.17684418, 0.14493711, 0.12167269, 0.10356339, 0.08953523, 0.078988408, 0.0707335, 0.064277133, 0.05906482, 0.054774255, 0.051110664, 0.047955938, 0.04529919, 0.04284336, 0.040664645, 0.038750146, 0.036987198, 0.035390363, 0.033896361, 0.032526625, 0.031287537, 0.030122015, 0.029057767, 0.02806617, 0.027154932, 0.026292045, 0.025514719, 0.024738261, 0.024003733, 0.023326588, 0.02269708, 0.02206279, 0.021464851, 0.020883784, 0.020302365, 0.019782037]
