Flavour index: 1
Scale: 5
Bjorken x: 0.1
qT: [0.001, 0.01, 0.1, 1, 1.5, 2, 2.5, 3, 3.5, 4, 4.5, 5, 5.5, 6, 6.5, 7, 7.5, 8, 8.5, 9, 9.5, 10, 10.5, 11, 11.5, 12, 12.5, 13, 13.5, 14, 14.5, 15, 15.5, 16, 16.5, 17, 17.5, 18, 18.5, 19, 19.5, 20]
TMD: [0.69720106, 0.6971941, 0.69394383, 0.45560967, 0.30205597, 0.21255014, 0.16984192, 0.14336813, 0.12127003, 0.10339437, 0.089705689, 0.079392879, 0.071180225, 0.064771914, 0.059530414, 0.055185777, 0.051458544, 0.048242721, 0.045530652, 0.04302842, 0.040813498, 0.038872056, 0.037087112, 0.035472784, 0.033982757, 0.032583169, 0.031334878, 0.030161859, 0.029091753, 0.028095399, 0.027180471, 0.026314498, 0.025534786, 0.024756017, 0.02401957, 0.023340937, 0.022710219, 0.022074658, 0.021475679, 0.02089368, 0.020311531, 0.019790585]
