Flavour index: 1
Scale: 5
Bjorken x: 0.1
qT: [0.001, 0.01, 0.1, 1, 1.5, 2, 2.5, 3, 3.5, 4, 4.5, 5, 5.5, 6, 6.5, 7, 7.5, 8, 8.5, 9, 9.5, 10, 10.5, 11, 11.5, 12, 12.5, 13, 13.5, 14, 14.5, 15, 15.5, 16, 16.5, 17, 17.5, 18, 18.5, 19, 19.5, 20]
TMD: [0.59842095, 0.59842386, 0.5964498, 0.43408169, 0.3132629, 0.22681943, 0.17592555, 0.14481116, 0.12210209, 0.10420054, 0.090181862, 0.079578665, 0.071251109, 0.06470821, 0.059413388, 0.055050247, 0.051328557, 0.048127826, 0.045431915, 0.042949126, 0.040749727, 0.038817711, 0.037042273, 0.035435596, 0.033934641, 0.032559976, 0.031316105, 0.030147476, 0.029080014, 0.028086275, 0.027172208, 0.026307147, 0.025526606, 0.024749076, 0.02401366, 0.02333507, 0.022703796, 0.022069335, 0.021471089, 0.020890253, 0.02030873, 0.019788393]
