Flavour index: 1
Scale: 5
Bjorken x: 0.1
qT: [0.001, 0.01, 0.1, 1, 1.5, 2, 2.5, 3, 3.5, 4, 4.5, 5, 5.5, 6, 6.5, 7, 7.5, 8, 8.5, 9, 9.5, 10, 10.5, 11, 11.5, 12, 12.5, 13, 13.5, 14, 14.5, 15, 15.5, 16, 16.5, 17, 17.5, 18, 18.5, 19, 19.5, 20]
TMD: [0.54462607, 0.54463442, 0.54316461, 0.42062676, 0.32009644, 0.23814424, 0.1826315, 0.14683938, 0.12228237, 0.1040786, 0.09008496, 0.079342181, 0.070977536, 0.064435703, 0.059163945, 0.05483483, 0.051152663, 0.047989539, 0.045323743, 0.042863932, 0.040685449, 0.038766319, 0.037000913, 0.035401838, 0.033907093, 0.032537784, 0.031297786, 0.030132537, 0.02906739, 0.028075648, 0.0271627, 0.02629865, 0.025518371, 0.024741834, 0.024007248, 0.023329036, 0.022697876, 0.022064137, 0.02146642, 0.020886224, 0.020305108, 0.019785132]
