Flavour index: 1
Scale: 5
Bjorken x: 0.1
qT: [0.001, 0.01, 0.1, 1, 1.5, 2, 2.5, 3, 3.5, 4, 4.5, 5, 5.5, 6, 6.5, 7, 7.5, 8, 8.5, 9, 9.5, 10, 10.5, 11, 11.5, 12, 12.5, 13, 13.5, 14, 14.5, 15, 15.5, 16, 16.5, 17, 17.5, 18, 18.5, 19, 19.5, 20]
TMD: [0.57208727, 0.57197384, 0.57038938, 0.42628725, 0.31639856, 0.23353704, 0.18061352, 0.14658953, 0.12242572, 0.1041665, 0.090128868, 0.079385876, 0.071024517, 0.064481811, 0.059205665, 0.054870142, 0.051180043, 0.048009398, 0.045338265, 0.042876185, 0.040692636, 0.038772109, 0.037005583, 0.03540571, 0.033910158, 0.032540013, 0.031299536, 0.030133757, 0.029068373, 0.028076371, 0.02716345, 0.026299377, 0.025519372, 0.024742684, 0.02400797, 0.023329808, 0.022698799, 0.022064881, 0.021467053, 0.020886661, 0.02030545, 0.019785381]
