Flavour index: 1
Scale: 5
Bjorken x: 0.1
qT: [0.001, 0.01, 0.1, 1, 1.5, 2, 2.5, 3, 3.5, 4, 4.5, 5, 5.5, 6, 6.5, 7, 7.5, 8, 8.5, 9, 9.5, 10, 10.5, 11, 11.5, 12, 12.5, 13, 13.5, 14, 14.5, 15, 15.5, 16, 16.5, 17, 17.5, 18, 18.5, 19, 19.5, 20]
TMD: [0.63730093, 0.63730284, 0.63508583, 0.45350031, 0.31968043, 0.22627485, 0.1739527, 0.14349951, 0.12126678, 0.10341666, 0.089413537, 0.078889995, 0.070722015, 0.064295046, 0.059095526, 0.054809441, 0.051143574, 0.047983245, 0.045321383, 0.042860597, 0.040677365, 0.038760113, 0.036994858, 0.035396788, 0.033901278, 0.032530006, 0.031290074, 0.030123594, 0.029058912, 0.028066804, 0.027155626, 0.026292718, 0.025515952, 0.024739262, 0.024004538, 0.023327528, 0.022698349, 0.022063764, 0.021465647, 0.020884235, 0.020302648, 0.019782152]
