Flavour index: 1
Scale: 5
Bjorken x: 0.1
qT: [0.001, 0.01, 0.1, 1, 1.5, 2, 2.5, 3, 3.5, 4, 4.5, 5, 5.5, 6, 6.5, 7, 7.5, 8, 8.5, 9, 9.5, 10, 10.5, 11, 11.5, 12, 12.5, 13, 13.5, 14, 14.5, 15, 15.5, 16, 16.5, 17, 17.5, 18, 18.5, 19, 19.5, 20]
TMD: [0.6739284, 0.67391795, 0.67044956, 0.43507211, 0.31043176, 0.23278884, 0.18184501, 0.14675213, 0.12170032, 0.10322179, 0.089262807, 0.078668183, 0.070451614, 0.06404221, 0.058873755, 0.054621762, 0.050991539, 0.047864121, 0.045229221, 0.042789802, 0.040623358, 0.038717953, 0.036961478, 0.035369404, 0.03387876, 0.032511713, 0.03127489, 0.030111084, 0.029048309, 0.028057814, 0.027147613, 0.026285565, 0.025509159, 0.024733257, 0.023999194, 0.023322536, 0.022693532, 0.022059496, 0.021461792, 0.020880838, 0.020299569, 0.019779342]
