Flavour index: 1
Scale: 5
Bjorken x: 0.1
qT: [0.001, 0.01, 0.1, 1, 1.5, 2, 2.5, 3, 3.5, 4, 4.5, 5, 5.5, 6, 6.5, 7, 7.5, 8, 8.5, 9, 9.5, 10, 10.5, 11, 11.5, 12, 12.5, 13, 13.5, 14, 14.5, 15, 15.5, 16, 16.5, 17, 17.5, 18, 18.5, 19, 19.5, 20]
TMD: [0.61172613, 0.61160621, 0.60961895, 0.43850458, 0.31441423, 0.22763802, 0.17680186, 0.14515088, 0.12193622, 0.10389242, 0.08996426, 0.079318978, 0.071019069, 0.064512773, 0.059254134, 0.054923083, 0.051227472, 0.04804781, 0.045369889, 0.042899543, 0.040709814, 0.038785955, 0.037016398, 0.035414352, 0.033916675, 0.032544399, 0.031302795, 0.030135677, 0.02906973, 0.028077019, 0.027164246, 0.026300184, 0.025521069, 0.02474405, 0.024009057, 0.023331117, 0.022700624, 0.022066267, 0.021468176, 0.020887263, 0.020305803, 0.019785484]
