Flavour index: 1
Scale: 5
Bjorken x: 0.1
qT: [0.001, 0.01, 0.1, 1, 1.5, 2, 2.5, 3, 3.5, 4, 4.5, 5, 5.5, 6, 6.5, 7, 7.5, 8, 8.5, 9, 9.5, 10, 10.5, 11, 11.5, 12, 12.5, 13, 13.5, 14, 14.5, 15, 15.5, 16, 16.5, 17, 17.5, 18, 18.5, 19, 19.5, 20]
TMD: [0.63373055, 0.63373036, 0.63128022, 0.4419932, 0.31768734, 0.23367597, 0.1810789, 0.14616272, 0.12140288, 0.10307702, 0.08917198, 0.078599951, 0.070397483, 0.063999579, 0.058841418, 0.054598485, 0.05097505, 0.047852463, 0.045221061, 0.042783532, 0.040618189, 0.038713682, 0.036957789, 0.035366251, 0.033876046, 0.03250929, 0.031272792, 0.030109162, 0.029046594, 0.02805621, 0.027146221, 0.026284337, 0.025508218, 0.024732392, 0.023998392, 0.023321861, 0.022693023, 0.022058988, 0.021461301, 0.020880312, 0.020299039, 0.019778803]
