Flavour index: 1
Scale: 5
Bjorken x: 0.1
qT: [0.001, 0.01, 0.1, 1, 1.5, 2, 2.5, 3, 3.5, 4, 4.5, 5, 5.5, 6, 6.5, 7, 7.5, 8, 8.5, 9, 9.5, 10, 10.5, 11, 11.5, 12, 12.5, 13, 13.5, 14, 14.5, 15, 15.5, 16, 16.5, 17, 17.5, 18, 18.5, 19, 19.5, 20]
TMD: [0.61174688, 0.61174629, 0.60940263, 0.4280344, 0.30738009, 0.22769335, 0.17965375, 0.14716907, 0.12289349, 0.10444089, 0.090329, 0.07954405, 0.071150129, 0.064582019, 0.059284377, 0.054930022, 0.051223814, 0.048040479, 0.045360321, 0.042891948, 0.040704644, 0.038781806, 0.037013713, 0.035412609, 0.033915963, 0.032544914, 0.031303693, 0.03013733, 0.029071499, 0.028079168, 0.027165962, 0.026301639, 0.025521401, 0.024744505, 0.024009616, 0.023331304, 0.022700155, 0.022066119, 0.021468192, 0.020887722, 0.020306453, 0.019786337]
