Flavour index: 1
Scale: 5
Bjorken x: 0.1
qT: [0.001, 0.01, 0.1, 1, 1.5, 2, 2.5, 3, 3.5, 4, 4.5, 5, 5.5, 6, 6.5, 7, 7.5, 8, 8.5, 9, 9.5, 10, 10.5, 11, 11.5, 12, 12.5, 13, 13.5, 14, 14.5, 15, 15.5, 16, 16.5, 17, 17.5, 18, 18.5, 19, 19.5, 20]
TMD: [0.60361202, 0.60361227, 0.60132986, 0.42648826, 0.31092945, 0.23202036, 0.18170012, 0.1474767, 0.12269239, 0.1041608, 0.090043324, 0.07928253, 0.070924305, 0.064394412, 0.059133008, 0.054811023, 0.051132115, 0.047970788, 0.045308091, 0.042852255, 0.040673834, 0.038757544, 0.036994063, 0.035396453, 0.0339024, 0.032533341, 0.031293846, 0.030128744, 0.029064025, 0.028072503, 0.027160125, 0.02629647, 0.02551703, 0.024740559, 0.024006027, 0.023328125, 0.02269742, 0.022063558, 0.021465802, 0.020885392, 0.020304219, 0.019784167]
