Flavour index: 1
Scale: 5
Bjorken x: 0.1
qT: [0.001, 0.01, 0.1, 1, 1.5, 2, 2.5, 3, 3.5, 4, 4.5, 5, 5.5, 6, 6.5, 7, 7.5, 8, 8.5, 9, 9.5, 10, 10.5, 11, 11.5, 12, 12.5, 13, 13.5, 14, 14.5, 15, 15.5, 16, 16.5, 17, 17.5, 18, 18.5, 19, 19.5, 20]
TMD: [0.52909466, 0.52910368, 0.5278269, 0.41366231, 0.31876238, 0.23964769, 0.18438848, 0.14785512, 0.12271132, 0.10428207, 0.090226585, 0.079446896, 0.071048341, 0.064478622, 0.059188313, 0.054847624, 0.051159995, 0.047994809, 0.045327194, 0.04286774, 0.040689184, 0.038769261, 0.03700358, 0.035404164, 0.0339094, 0.032540379, 0.031300234, 0.030135173, 0.029069846, 0.028078147, 0.02716474, 0.026300382, 0.025519247, 0.02474271, 0.024008128, 0.023329612, 0.02269797, 0.022064409, 0.02146677, 0.020886842, 0.020305828, 0.019785966]
