Flavour index: 1
Scale: 5
Bjorken x: 0.1
qT: [0.001, 0.01, 0.1, 1, 1.5, 2, 2.5, 3, 3.5, 4, 4.5, 5, 5.5, 6, 6.5, 7, 7.5, 8, 8.5, 9, 9.5, 10, 10.5, 11, 11.5, 12, 12.5, 13, 13.5, 14, 14.5, 15, 15.5, 16, 16.5, 17, 17.5, 18, 18.5, 19, 19.5, 20]
TMD: [0.5808806, 0.58088507, 0.57901841, 0.42765316, 0.31685836, 0.23508841, 0.18212786, 0.14714114, 0.12234449, 0.10390689, 0.08985768, 0.079138004, 0.070810016, 0.064304594, 0.059063358, 0.054758541, 0.051093407, 0.047942545, 0.045287684, 0.042836955, 0.040661841, 0.03874794, 0.03698607, 0.035389737, 0.033896674, 0.032528368, 0.031289582, 0.030124963, 0.029060699, 0.028069477, 0.027157472, 0.026294116, 0.02551509, 0.024738798, 0.024004415, 0.023326716, 0.022696249, 0.022062443, 0.021464752, 0.02088434, 0.020303194, 0.019783155]
