Flavour index: 1
Scale: 5
Bjorken x: 0.1
qT: [0.001, 0.01, 0.1, 1, 1.5, 2, 2.5, 3, 3.5, 4, 4.5, 5, 5.5, 6, 6.5, 7, 7.5, 8, 8.5, 9, 9.5, 10, 10.5, 11, 11.5, 12, 12.5, 13, 13.5, 14, 14.5, 15, 15.5, 16, 16.5, 17, 17.5, 18, 18.5, 19, 19.5, 20]
TMD: [0.59693607, 0.59681762, 0.59506448, 0.43916098, 0.32071371, 0.23300492, 0.17903663, 0.14550249, 0.12175902, 0.10361379, 0.089632048, 0.078972919, 0.070697583, 0.064233218, 0.059020046, 0.054733382, 0.051077161, 0.04793025, 0.045279287, 0.042828975, 0.040654134, 0.038741785, 0.036980609, 0.035385036, 0.03389222, 0.032523632, 0.0312852, 0.030120396, 0.029056486, 0.028065268, 0.027154017, 0.026291173, 0.025513491, 0.024737227, 0.024002862, 0.023325648, 0.022695937, 0.022061874, 0.021464076, 0.020883263, 0.02030197, 0.019781765]
