Flavour index: 1
Scale: 5
Bjorken x: 0.1
qT: [0.001, 0.01, 0.1, 1, 1.5, 2, 2.5, 3, 3.5, 4, 4.5, 5, 5.5, 6, 6.5, 7, 7.5, 8, 8.5, 9, 9.5, 10, 10.5, 11, 11.5, 12, 12.5, 13, 13.5, 14, 14.5, 15, 15.5, 16, 16.5, 17, 17.5, 18, 18.5, 19, 19.5, 20]
TMD: [0.67073976, 0.6707381, 0.66802164, 0.45770143, 0.31827421, 0.22866356, 0.17777806, 0.14503984, 0.12093291, 0.1027077, 0.088874005, 0.078374072, 0.07023141, 0.063885596, 0.058765484, 0.054548308, 0.050939627, 0.047824665, 0.04520037, 0.042765145, 0.040601955, 0.038700965, 0.036947113, 0.035357366, 0.033867948, 0.032501226, 0.031265503, 0.030101881, 0.029039983, 0.028049779, 0.027140902, 0.026279789, 0.025505511, 0.024729787, 0.023995867, 0.023320017, 0.022692208, 0.022057871, 0.021460075, 0.020878582, 0.020297141, 0.019776706]
