Flavour index: 1
Scale: 5
Bjorken x: 0.1
qT: [0.001, 0.01, 0.1, 1, 1.5, 2, 2.5, 3, 3.5, 4, 4.5, 5, 5.5, 6, 6.5, 7, 7.5, 8, 8.5, 9, 9.5, 10, 10.5, 11, 11.5, 12, 12.5, 13, 13.5, 14, 14.5, 15, 15.5, 16, 16.5, 17, 17.5, 18, 18.5, 19, 19.5, 20]
TMD: [0.63922868, 0.63923113, 0.6370277, 0.45534753, 0.32260667, 0.22979391, 0.17647178, 0.14435565, 0.12111092, 0.10301909, 0.089033013, 0.078564022, 0.070388946, 0.064007642, 0.058858216, 0.054618494, 0.050992375, 0.047865084, 0.045231, 0.042789502, 0.04062133, 0.038716023, 0.036959255, 0.035367298, 0.033876548, 0.032508895, 0.031272151, 0.030107939, 0.029045324, 0.028054692, 0.027145111, 0.026283469, 0.025508289, 0.024732343, 0.023998238, 0.023322005, 0.022693695, 0.022059366, 0.021461523, 0.020880153, 0.020298713, 0.019778308]
