Flavour index: 1
Scale: 5
Bjorken x: 0.1
qT: [0.001, 0.01, 0.1, 1, 1.5, 2, 2.5, 3, 3.5, 4, 4.5, 5, 5.5, 6, 6.5, 7, 7.5, 8, 8.5, 9, 9.5, 10, 10.5, 11, 11.5, 12, 12.5, 13, 13.5, 14, 14.5, 15, 15.5, 16, 16.5, 17, 17.5, 18, 18.5, 19, 19.5, 20]
TMD: [0.57411862, 0.57400493, 0.57239771, 0.42669651, 0.31599885, 0.23299025, 0.18030074, 0.14649862, 0.12242315, 0.10418198, 0.090149094, 0.079408703, 0.071047027, 0.064502205, 0.059223235, 0.054884659, 0.051191619, 0.048018406, 0.045345183, 0.042881489, 0.04069675, 0.038775364, 0.0370082, 0.035407844, 0.03391192, 0.032541474, 0.03130076, 0.030134792, 0.029069261, 0.028077142, 0.027164131, 0.026299981, 0.025519914, 0.024743168, 0.024008405, 0.023330203, 0.022699161, 0.022065211, 0.021467355, 0.02088694, 0.020305709, 0.019785625]
