Flavour index: 1
Scale: 5
Bjorken x: 0.1
qT: [0.001, 0.01, 0.1, 1, 1.5, 2, 2.5, 3, 3.5, 4, 4.5, 5, 5.5, 6, 6.5, 7, 7.5, 8, 8.5, 9, 9.5, 10, 10.5, 11, 11.5, 12, 12.5, 13, 13.5, 14, 14.5, 15, 15.5, 16, 16.5, 17, 17.5, 18, 18.5, 19, 19.5, 20]
TMD: [0.54224334, 0.54225119, 0.54082877, 0.41785469, 0.31740277, 0.2360696, 0.18148958, 0.14650272, 0.12239094, 0.10434027, 0.090367989, 0.079607033, 0.071213173, 0.06463556, 0.059327948, 0.054965881, 0.051256109, 0.048070588, 0.045386042, 0.042915093, 0.040724339, 0.038797127, 0.037025916, 0.035422333, 0.033924327, 0.032552613, 0.031310421, 0.030143657, 0.029077068, 0.028084314, 0.027170196, 0.02630523, 0.025523725, 0.024746683, 0.024011676, 0.023332884, 0.022701051, 0.022067169, 0.02146928, 0.0208891, 0.0203079, 0.019787882]
