Flavour index: 1
Scale: 5
Bjorken x: 0.1
qT: [0.001, 0.01, 0.1, 1, 1.5, 2, 2.5, 3, 3.5, 4, 4.5, 5, 5.5, 6, 6.5, 7, 7.5, 8, 8.5, 9, 9.5, 10, 10.5, 11, 11.5, 12, 12.5, 13, 13.5, 14, 14.5, 15, 15.5, 16, 16.5, 17, 17.5, 18, 18.5, 19, 19.5, 20]
TMD: [0.63605684, 0.63605615, 0.63359613, 0.44157459, 0.31218207, 0.22733921, 0.17815539, 0.14600774, 0.12203329, 0.10373217, 0.089756401, 0.079097342, 0.070806785, 0.064327072, 0.059098136, 0.054795319, 0.051124865, 0.047965632, 0.045305182, 0.042847826, 0.040668508, 0.038753321, 0.036990098, 0.035392947, 0.033898723, 0.032528995, 0.031289695, 0.03012417, 0.029059748, 0.028068114, 0.027156576, 0.026293476, 0.025515641, 0.024739139, 0.024004575, 0.023327233, 0.022697433, 0.022063213, 0.021465295, 0.020884355, 0.020302981, 0.019782704]
