Flavour index: 1
Scale: 5
Bjorken x: 0.1
qT: [0.001, 0.01, 0.1, 1, 1.5, 2, 2.5, 3, 3.5, 4, 4.5, 5, 5.5, 6, 6.5, 7, 7.5, 8, 8.5, 9, 9.5, 10, 10.5, 11, 11.5, 12, 12.5, 13, 13.5, 14, 14.5, 15, 15.5, 16, 16.5, 17, 17.5, 18, 18.5, 19, 19.5, 20]
TMD: [0.58751185, 0.58739505, 0.58572263, 0.43577583, 0.32059738, 0.23395452, 0.17968025, 0.14571591, 0.12181994, 0.10368252, 0.089710979, 0.079041765, 0.070752098, 0.064274162, 0.059050177, 0.054755364, 0.051094082, 0.047943772, 0.045289332, 0.042837267, 0.040661019, 0.038747176, 0.03698503, 0.035388672, 0.033895391, 0.032526586, 0.031287805, 0.030122868, 0.029058694, 0.028067346, 0.027155762, 0.026292679, 0.025514512, 0.024738183, 0.024003765, 0.023326361, 0.02269638, 0.022062367, 0.021464577, 0.020883868, 0.020302602, 0.019782434]
