Flavour index: 1
Scale: 5
Bjorken x: 0.1
qT: [0.001, 0.01, 0.1, 1, 1.5, 2, 2.5, 3, 3.5, 4, 4.5, 5, 5.5, 6, 6.5, 7, 7.5, 8, 8.5, 9, 9.5, 10, 10.5, 11, 11.5, 12, 12.5, 13, 13.5, 14, 14.5, 15, 15.5, 16, 16.5, 17, 17.5, 18, 18.5, 19, 19.5, 20]
TMD: [0.56125137, 0.56125809, 0.55968449, 0.42528033, 0.31786275, 0.2336081, 0.17926067, 0.14535035, 0.12189857, 0.10407406, 0.09019104, 0.079475652, 0.071167675, 0.064627534, 0.059340924, 0.054989069, 0.051281225, 0.048093132, 0.045406067, 0.04293108, 0.040736732, 0.038807411, 0.037034079, 0.035428889, 0.033929324, 0.032556048, 0.031312993, 0.030145231, 0.029078182, 0.028084874, 0.027170804, 0.026305809, 0.025524887, 0.024747605, 0.024012398, 0.023333749, 0.022702266, 0.022068084, 0.021470013, 0.020889476, 0.020308102, 0.01978791]
