Flavour index: 1
Scale: 5
Bjorken x: 0.1
qT: [0.001, 0.01, 0.1, 1, 1.5, 2, 2.5, 3, 3.5, 4, 4.5, 5, 5.5, 6, 6.5, 7, 7.5, 8, 8.5, 9, 9.5, 10, 10.5, 11, 11.5, 12, 12.5, 13, 13.5, 14, 14.5, 15, 15.5, 16, 16.5, 17, 17.5, 18, 18.5, 19, 19.5, 20]
TMD: [0.59474857, 0.59475428, 0.59293803, 0.43990521, 0.32385063, 0.23667594, 0.18118471, 0.14588304, 0.12134142, 0.10312089, 0.089231821, 0.078646166, 0.070428963, 0.064018758, 0.058852342, 0.054604937, 0.050980148, 0.047857396, 0.045225122, 0.042787516, 0.040621693, 0.038716233, 0.036959786, 0.035367829, 0.033877562, 0.032510902, 0.031274286, 0.030110713, 0.029048002, 0.028057591, 0.027147332, 0.02628527, 0.025508688, 0.024732861, 0.023998861, 0.023322168, 0.022693075, 0.022059135, 0.021461488, 0.020880645, 0.020299419, 0.019779241]
