Flavour index: 1
Scale: 5
Bjorken x: 0.1
qT: [0.001, 0.01, 0.1, 1, 1.5, 2, 2.5, 3, 3.5, 4, 4.5, 5, 5.5, 6, 6.5, 7, 7.5, 8, 8.5, 9, 9.5, 10, 10.5, 11, 11.5, 12, 12.5, 13, 13.5, 14, 14.5, 15, 15.5, 16, 16.5, 17, 17.5, 18, 18.5, 19, 19.5, 20]
TMD: [0.62961784, 0.6296201, 0.62744204, 0.44960546, 0.31923523, 0.22801413, 0.17581863, 0.14446014, 0.12154176, 0.10348224, 0.089443049, 0.078914542, 0.070682441, 0.06424237, 0.059041339, 0.054758783, 0.051099747, 0.047947462, 0.045292942, 0.042838071, 0.040659828, 0.038746186, 0.036984142, 0.035387792, 0.033894035, 0.03252431, 0.031285441, 0.030119927, 0.029055871, 0.028064332, 0.027153407, 0.026290738, 0.025513924, 0.024737498, 0.024002996, 0.023326042, 0.022696822, 0.022062451, 0.021464485, 0.020883281, 0.020301817, 0.019781436]
