Flavour index: 1
Scale: 5
Bjorken x: 0.1
qT: [0.001, 0.01, 0.1, 1, 1.5, 2, 2.5, 3, 3.5, 4, 4.5, 5, 5.5, 6, 6.5, 7, 7.5, 8, 8.5, 9, 9.5, 10, 10.5, 11, 11.5, 12, 12.5, 13, 13.5, 14, 14.5, 15, 15.5, 16, 16.5, 17, 17.5, 18, 18.5, 19, 19.5, 20]
TMD: [0.56427229, 0.56427823, 0.56266092, 0.42472016, 0.31479049, 0.229524, 0.17589028, 0.14341439, 0.12109709, 0.10385332, 0.090158665, 0.079652611, 0.071425261, 0.064917329, 0.059629567, 0.055257448, 0.051520456, 0.048300233, 0.045581138, 0.043078149, 0.040859675, 0.03890979, 0.03711955, 0.035500343, 0.03398941, 0.032606812, 0.031355928, 0.030181878, 0.029109554, 0.028112007, 0.027194275, 0.026326275, 0.025542577, 0.024763262, 0.024026365, 0.023346173, 0.022713273, 0.022078127, 0.021479214, 0.020898069, 0.020316119, 0.01979546]
