Flavour index: 1
Scale: 5
Bjorken x: 0.1
qT: [0.001, 0.01, 0.1, 1, 1.5, 2, 2.5, 3, 3.5, 4, 4.5, 5, 5.5, 6, 6.5, 7, 7.5, 8, 8.5, 9, 9.5, 10, 10.5, 11, 11.5, 12, 12.5, 13, 13.5, 14, 14.5, 15, 15.5, 16, 16.5, 17, 17.5, 18, 18.5, 19, 19.5, 20]
TMD: [0.59111258, 0.59111602, 0.58915126, 0.43025963, 0.31506076, 0.23223918, 0.18051803, 0.14678266, 0.12243206, 0.10404657, 0.089983987, 0.079251283, 0.070908627, 0.064388035, 0.059131937, 0.0548131, 0.051135396, 0.047974073, 0.045311114, 0.042854379, 0.040675095, 0.038758391, 0.036994507, 0.035396683, 0.033902455, 0.032533166, 0.031293615, 0.030128368, 0.029063632, 0.028072033, 0.027159754, 0.026296161, 0.025516963, 0.024740469, 0.024005916, 0.023328095, 0.022697531, 0.0220636, 0.021465809, 0.020885305, 0.02030409, 0.019783995]
