Flavour index: 1
Scale: 5
Bjorken x: 0.1
qT: [0.001, 0.01, 0.1, 1, 1.5, 2, 2.5, 3, 3.5, 4, 4.5, 5, 5.5, 6, 6.5, 7, 7.5, 8, 8.5, 9, 9.5, 10, 10.5, 11, 11.5, 12, 12.5, 13, 13.5, 14, 14.5, 15, 15.5, 16, 16.5, 17, 17.5, 18, 18.5, 19, 19.5, 20]
TMD: [0.53400798, 0.53401743, 0.53273443, 0.41770996, 0.3214717, 0.24122189, 0.18488332, 0.14773269, 0.12236088, 0.10390948, 0.089900267, 0.079177558, 0.070830382, 0.064307406, 0.059056473, 0.054747938, 0.051084635, 0.04793759, 0.045284618, 0.04283442, 0.040662827, 0.038748502, 0.036986596, 0.035390125, 0.033897365, 0.032529712, 0.03129101, 0.030126818, 0.029062479, 0.028071392, 0.027158922, 0.02629528, 0.02551531, 0.024739102, 0.024004793, 0.023326787, 0.022695798, 0.022062257, 0.0214647, 0.020884645, 0.020303642, 0.019783756]
