Flavour index: 1
Scale: 5
Bjorken x: 0.1
qT: [0.001, 0.01, 0.1, 1, 1.5, 2, 2.5, 3, 3.5, 4, 4.5, 5, 5.5, 6, 6.5, 7, 7.5, 8, 8.5, 9, 9.5, 10, 10.5, 11, 11.5, 12, 12.5, 13, 13.5, 14, 14.5, 15, 15.5, 16, 16.5, 17, 17.5, 18, 18.5, 19, 19.5, 20]
TMD: [0.67218383, 0.67217797, 0.66913946, 0.44386462, 0.30718032, 0.22564865, 0.17888388, 0.14648538, 0.12201609, 0.10360046, 0.089607609, 0.078953074, 0.070682416, 0.064227412, 0.059020131, 0.054735706, 0.051077842, 0.047928225, 0.045276383, 0.042824717, 0.040650061, 0.038739024, 0.036978651, 0.03538366, 0.033890773, 0.032521919, 0.031283568, 0.030118587, 0.029054837, 0.028063613, 0.027152743, 0.02629014, 0.025513148, 0.024736846, 0.024002447, 0.02332546, 0.022696123, 0.022061887, 0.021464006, 0.020882947, 0.020301569, 0.019781264]
