Flavour index: 1
Scale: 5
Bjorken x: 0.1
qT: [0.001, 0.01, 0.1, 1, 1.5, 2, 2.5, 3, 3.5, 4, 4.5, 5, 5.5, 6, 6.5, 7, 7.5, 8, 8.5, 9, 9.5, 10, 10.5, 11, 11.5, 12, 12.5, 13, 13.5, 14, 14.5, 15, 15.5, 16, 16.5, 17, 17.5, 18, 18.5, 19, 19.5, 20]
TMD: [0.64175524, 0.64175649, 0.63937386, 0.45120497, 0.32094942, 0.23220884, 0.17925534, 0.14532898, 0.12100795, 0.10280002, 0.088955686, 0.07843274, 0.07027159, 0.063909425, 0.05877814, 0.054554897, 0.050943739, 0.047828675, 0.045203588, 0.042768916, 0.040605729, 0.038703829, 0.036949512, 0.035359328, 0.03386987, 0.032503369, 0.031267513, 0.030104037, 0.029041971, 0.028051775, 0.027142504, 0.026281131, 0.025506137, 0.024730423, 0.023996514, 0.023320416, 0.022692209, 0.022058029, 0.021460304, 0.020879043, 0.020297687, 0.019777348]
