Flavour index: 1
Scale: 5
Bjorken x: 0.1
qT: [0.001, 0.01, 0.1, 1, 1.5, 2, 2.5, 3, 3.5, 4, 4.5, 5, 5.5, 6, 6.5, 7, 7.5, 8, 8.5, 9, 9.5, 10, 10.5, 11, 11.5, 12, 12.5, 13, 13.5, 14, 14.5, 15, 15.5, 16, 16.5, 17, 17.5, 18, 18.5, 19, 19.5, 20]
TMD: [0.61790188, 0.61777935, 0.61588642, 0.4489702, 0.32351076, 0.23235071, 0.17781977, 0.1446733, 0.12120642, 0.10315626, 0.089242021, 0.078630527, 0.07045917, 0.064055859, 0.058890246, 0.05463958, 0.051007717, 0.047877332, 0.045240118, 0.042797542, 0.040628367, 0.038721501, 0.036963823, 0.035371086, 0.033880002, 0.032512339, 0.031275265, 0.030111045, 0.029048138, 0.028057416, 0.02714736, 0.02628539, 0.02550943, 0.024733441, 0.023999303, 0.023322782, 0.022694036, 0.022059835, 0.021462039, 0.020880885, 0.020299514, 0.019779193]
