Flavour index: 1
Scale: 5
Bjorken x: 0.1
qT: [0.001, 0.01, 0.1, 1, 1.5, 2, 2.5, 3, 3.5, 4, 4.5, 5, 5.5, 6, 6.5, 7, 7.5, 8, 8.5, 9, 9.5, 10, 10.5, 11, 11.5, 12, 12.5, 13, 13.5, 14, 14.5, 15, 15.5, 16, 16.5, 17, 17.5, 18, 18.5, 19, 19.5, 20]
TMD: [0.7215585, 0.72154825, 0.71777413, 0.45723691, 0.30849343, 0.2249596, 0.17807762, 0.14545193, 0.12103137, 0.10277693, 0.088932516, 0.078419354, 0.070270812, 0.063921114, 0.05879614, 0.054573526, 0.050957694, 0.04783682, 0.04520874, 0.042770657, 0.040605996, 0.038704421, 0.036950099, 0.035359952, 0.033888418, 0.032502776, 0.031266747, 0.030102802, 0.029040757, 0.028050387, 0.027141512, 0.026280371, 0.02550623, 0.024730407, 0.023996402, 0.023320566, 0.022692828, 0.022058383, 0.021460518, 0.020878909, 0.020297415, 0.019776925]
