Flavour index: 1
Scale: 5
Bjorken x: 0.1
qT: [0.001, 0.01, 0.1, 1, 1.5, 2, 2.5, 3, 3.5, 4, 4.5, 5, 5.5, 6, 6.5, 7, 7.5, 8, 8.5, 9, 9.5, 10, 10.5, 11, 11.5, 12, 12.5, 13, 13.5, 14, 14.5, 15, 15.5, 16, 16.5, 17, 17.5, 18, 18.5, 19, 19.5, 20]
TMD: [0.50886963, 0.5088781, 0.5076072, 0.40064408, 0.31101748, 0.23579074, 0.18295023, 0.1477922, 0.12332028, 0.10512075, 0.091073987, 0.080214005, 0.071709725, 0.065024198, 0.05962662, 0.05519223, 0.051429771, 0.048205886, 0.045489031, 0.042997778, 0.040791679, 0.038850489, 0.037069775, 0.035458568, 0.033955468, 0.032580542, 0.031334663, 0.030165878, 0.029096702, 0.028102441, 0.027185648, 0.026318684, 0.025533689, 0.024755857, 0.0240202, 0.023339942, 0.022706172, 0.022072395, 0.021474378, 0.020894721, 0.020313577, 0.019793701]
