Flavour index: 1
Scale: 5
Bjorken x: 0.1
qT: [0.001, 0.01, 0.1, 1, 1.5, 2, 2.5, 3, 3.5, 4, 4.5, 5, 5.5, 6, 6.5, 7, 7.5, 8, 8.5, 9, 9.5, 10, 10.5, 11, 11.5, 12, 12.5, 13, 13.5, 14, 14.5, 15, 15.5, 16, 16.5, 17, 17.5, 18, 18.5, 19, 19.5, 20]
TMD: [0.58015043, 0.58003525, 0.57841999, 0.43247154, 0.31913247, 0.23307365, 0.17902799, 0.14541464, 0.12183944, 0.10385668, 0.089926069, 0.079224353, 0.070945695, 0.064439851, 0.059186891, 0.054865225, 0.051181469, 0.048012545, 0.045342811, 0.042879599, 0.040694781, 0.038773891, 0.037006667, 0.03540636, 0.033910252, 0.032539398, 0.031298729, 0.030132507, 0.029067084, 0.028074865, 0.027162246, 0.026298359, 0.025519087, 0.02474233, 0.024007557, 0.02332964, 0.022699056, 0.022064937, 0.021467007, 0.020886334, 0.020305004, 0.019784808]
