Flavour index: 1
Scale: 5
Bjorken x: 0.1
qT: [0.001, 0.01, 0.1, 1, 1.5, 2, 2.5, 3, 3.5, 4, 4.5, 5, 5.5, 6, 6.5, 7, 7.5, 8, 8.5, 9, 9.5, 10, 10.5, 11, 11.5, 12, 12.5, 13, 13.5, 14, 14.5, 15, 15.5, 16, 16.5, 17, 17.5, 18, 18.5, 19, 19.5, 20]
TMD: [0.66186937, 0.66186975, 0.65938378, 0.46072091, 0.32108054, 0.22774655, 0.1758613, 0.14427826, 0.12093116, 0.10279514, 0.088863484, 0.078442119, 0.070296239, 0.063941019, 0.058811657, 0.054585725, 0.05096835, 0.047846536, 0.045217331, 0.042777956, 0.040611618, 0.038708444, 0.036953004, 0.035362131, 0.033871916, 0.032504483, 0.031268228, 0.030104154, 0.029041927, 0.028051452, 0.027142397, 0.026281129, 0.025506763, 0.0247309, 0.023996863, 0.023320942, 0.022693086, 0.022058656, 0.021460788, 0.020879222, 0.020297728, 0.019777249]
