Flavour index: 1
Scale: 5
Bjorken x: 0.1
qT: [0.001, 0.01, 0.1, 1, 1.5, 2, 2.5, 3, 3.5, 4, 4.5, 5, 5.5, 6, 6.5, 7, 7.5, 8, 8.5, 9, 9.5, 10, 10.5, 11, 11.5, 12, 12.5, 13, 13.5, 14, 14.5, 15, 15.5, 16, 16.5, 17, 17.5, 18, 18.5, 19, 19.5, 20]
TMD: [0.57284796, 0.57285514, 0.57122276, 0.43271106, 0.32317733, 0.23752134, 0.18164499, 0.14617191, 0.12171274, 0.10351221, 0.089566551, 0.078909348, 0.070631185, 0.064169497, 0.058963147, 0.054685446, 0.051039899, 0.047902876, 0.045258786, 0.042814398, 0.040643543, 0.038733374, 0.0369739, 0.035379533, 0.033887806, 0.032520314, 0.031282547, 0.03011844, 0.029054885, 0.028064032, 0.027152805, 0.026290032, 0.025512083, 0.024736018, 0.024001821, 0.023324573, 0.022694715, 0.022060867, 0.021463207, 0.020882621, 0.020301446, 0.019781353]
