Flavour index: 1
Scale: 5
Bjorken x: 0.1
qT: [0.001, 0.01, 0.1, 1, 1.5, 2, 2.5, 3, 3.5, 4, 4.5, 5, 5.5, 6, 6.5, 7, 7.5, 8, 8.5, 9, 9.5, 10, 10.5, 11, 11.5, 12, 12.5, 13, 13.5, 14, 14.5, 15, 15.5, 16, 16.5, 17, 17.5, 18, 18.5, 19, 19.5, 20]
TMD: [0.5715426, 0.5714291, 0.56986895, 0.42834315, 0.3179494, 0.23346758, 0.17976657, 0.14597966, 0.12221999, 0.10411682, 0.090105304, 0.079372536, 0.07102188, 0.064486331, 0.059213532, 0.054879079, 0.051188409, 0.04801612, 0.045343992, 0.042880503, 0.040695775, 0.03877456, 0.037007426, 0.035407138, 0.03391124, 0.032540728, 0.031300059, 0.030134046, 0.029068562, 0.028076428, 0.027163536, 0.02629947, 0.025519627, 0.024742886, 0.024008127, 0.023330008, 0.022699094, 0.022065102, 0.02146723, 0.020886748, 0.020305492, 0.01978538]
