Flavour index: 1
Scale: 5
Bjorken x: 0.1
qT: [0.001, 0.01, 0.1, 1, 1.5, 2, 2.5, 3, 3.5, 4, 4.5, 5, 5.5, 6, 6.5, 7, 7.5, 8, 8.5, 9, 9.5, 10, 10.5, 11, 11.5, 12, 12.5, 13, 13.5, 14, 14.5, 15, 15.5, 16, 16.5, 17, 17.5, 18, 18.5, 19, 19.5, 20]
TMD: [0.54297475, 0.54298271, 0.54151071, 0.4186776, 0.3178643, 0.23600052, 0.18111442, 0.14612926, 0.12214367, 0.10420034, 0.090295097, 0.07954918, 0.071210001, 0.064647442, 0.059347189, 0.054987816, 0.0512777, 0.048090198, 0.045403183, 0.042929431, 0.040736088, 0.038806762, 0.037033723, 0.035428675, 0.03392946, 0.03255674, 0.031313809, 0.030146404, 0.029079352, 0.028086192, 0.027171828, 0.026306652, 0.02552507, 0.024747852, 0.0240127, 0.023333835, 0.022701978, 0.022067982, 0.021470006, 0.020889722, 0.020308453, 0.019788373]
