Flavour index: 1
Scale: 5
Bjorken x: 0.1
qT: [0.001, 0.01, 0.1, 1, 1.5, 2, 2.5, 3, 3.5, 4, 4.5, 5, 5.5, 6, 6.5, 7, 7.5, 8, 8.5, 9, 9.5, 10, 10.5, 11, 11.5, 12, 12.5, 13, 13.5, 14, 14.5, 15, 15.5, 16, 16.5, 17, 17.5, 18, 18.5, 19, 19.5, 20]
TMD: [0.59421292, 0.59421748, 0.5922965, 0.43560138, 0.3200002, 0.23509907, 0.1812678, 0.14642214, 0.1218199, 0.10348702, 0.089516205, 0.078867834, 0.070600878, 0.064148634, 0.058948982, 0.05467576, 0.051032358, 0.047896377, 0.045253643, 0.042809789, 0.040639642, 0.038730442, 0.036971576, 0.035377675, 0.03388612, 0.03251865, 0.031281045, 0.030116956, 0.029053552, 0.028062763, 0.027151766, 0.02628915, 0.025511565, 0.024735518, 0.024001337, 0.023324222, 0.022694563, 0.022060655, 0.021462973, 0.020882286, 0.020301081, 0.01978095]
