Flavour index: 1
Scale: 5
Bjorken x: 0.1
qT: [0.001, 0.01, 0.1, 1, 1.5, 2, 2.5, 3, 3.5, 4, 4.5, 5, 5.5, 6, 6.5, 7, 7.5, 8, 8.5, 9, 9.5, 10, 10.5, 11, 11.5, 12, 12.5, 13, 13.5, 14, 14.5, 15, 15.5, 16, 16.5, 17, 17.5, 18, 18.5, 19, 19.5, 20]
TMD: [0.58245086, 0.5823344, 0.58076824, 0.43732739, 0.32390265, 0.23603537, 0.18004454, 0.14537584, 0.12150475, 0.10347592, 0.089541765, 0.078860122, 0.070625583, 0.064173539, 0.058971823, 0.054695598, 0.051048872, 0.047909322, 0.045263878, 0.042817599, 0.040645422, 0.038734839, 0.036974916, 0.035380298, 0.033888265, 0.032520331, 0.031282418, 0.030118025, 0.029054427, 0.028063442, 0.027152384, 0.026289709, 0.02551217, 0.024736046, 0.024001797, 0.023324677, 0.022695049, 0.022061068, 0.021463336, 0.020882579, 0.020301327, 0.019781157]
