Flavour index: 1
Scale: 5
Bjorken x: 0.1
qT: [0.001, 0.01, 0.1, 1, 1.5, 2, 2.5, 3, 3.5, 4, 4.5, 5, 5.5, 6, 6.5, 7, 7.5, 8, 8.5, 9, 9.5, 10, 10.5, 11, 11.5, 12, 12.5, 13, 13.5, 14, 14.5, 15, 15.5, 16, 16.5, 17, 17.5, 18, 18.5, 19, 19.5, 20]
TMD: [0.55680696, 0.55681513, 0.55524212, 0.42606699, 0.3229816, 0.24048284, 0.18439067, 0.1474191, 0.12191813, 0.10341722, 0.089484664, 0.078860107, 0.070589374, 0.064128374, 0.058925179, 0.054652619, 0.051014057, 0.047884105, 0.045245194, 0.042802851, 0.04063732, 0.038728456, 0.036970052, 0.035376376, 0.033885317, 0.032518647, 0.031281302, 0.030117747, 0.029054401, 0.028063837, 0.027152496, 0.026289684, 0.025511306, 0.024735381, 0.024001305, 0.023323948, 0.022693851, 0.022060207, 0.021462669, 0.020882317, 0.020301258, 0.019781274]
