Flavour index: 1
Scale: 5
Bjorken x: 0.1
qT: [0.001, 0.01, 0.1, 1, 1.5, 2, 2.5, 3, 3.5, 4, 4.5, 5, 5.5, 6, 6.5, 7, 7.5, 8, 8.5, 9, 9.5, 10, 10.5, 11, 11.5, 12, 12.5, 13, 13.5, 14, 14.5, 15, 15.5, 16, 16.5, 17, 17.5, 18, 18.5, 19, 19.5, 20]
TMD: [0.57359342, 0.57359796, 0.57179088, 0.42397359, 0.31441424, 0.23341797, 0.18146352, 0.14726075, 0.12272469, 0.1042951, 0.090194891, 0.079415396, 0.071032674, 0.064478409, 0.059196532, 0.054858828, 0.05116901, 0.04799983, 0.045330211, 0.04287, 0.040688087, 0.038768594, 0.037002971, 0.035403719, 0.033908681, 0.032539027, 0.031298808, 0.030133331, 0.029068082, 0.028076256, 0.02716331, 0.026299237, 0.025519036, 0.024742416, 0.024007761, 0.023329547, 0.022698421, 0.022064598, 0.021466826, 0.020886546, 0.020305391, 0.019785377]
