Flavour index: 1
Scale: 5
Bjorken x: 0.1
qT: [0.001, 0.01, 0.1, 1, 1.5, 2, 2.5, 3, 3.5, 4, 4.5, 5, 5.5, 6, 6.5, 7, 7.5, 8, 8.5, 9, 9.5, 10, 10.5, 11, 11.5, 12, 12.5, 13, 13.5, 14, 14.5, 15, 15.5, 16, 16.5, 17, 17.5, 18, 18.5, 19, 19.5, 20]
TMD: [0.62871228, 0.6285883, 0.6264615, 0.44635012, 0.31896112, 0.23102314, 0.17879284, 0.14557724, 0.12151302, 0.10325495, 0.0893235, 0.078727484, 0.070502941, 0.064085375, 0.058910039, 0.054652332, 0.051016279, 0.047883384, 0.045243934, 0.042800489, 0.040631004, 0.038723709, 0.036965855, 0.035372895, 0.033881633, 0.032513964, 0.031276739, 0.030112516, 0.029049489, 0.028058746, 0.027148481, 0.026286362, 0.02551005, 0.024734031, 0.023999869, 0.023323212, 0.022694266, 0.022060114, 0.021462333, 0.020881266, 0.020299927, 0.019779642]
