Flavour index: 1
Scale: 5
Bjorken x: 0.1
qT: [0.001, 0.01, 0.1, 1, 1.5, 2, 2.5, 3, 3.5, 4, 4.5, 5, 5.5, 6, 6.5, 7, 7.5, 8, 8.5, 9, 9.5, 10, 10.5, 11, 11.5, 12, 12.5, 13, 13.5, 14, 14.5, 15, 15.5, 16, 16.5, 17, 17.5, 18, 18.5, 19, 19.5, 20]
TMD: [0.60017613, 0.60005842, 0.59814049, 0.43280292, 0.31275218, 0.22809334, 0.17755532, 0.14558767, 0.12219141, 0.104118, 0.090171021, 0.079489136, 0.071153548, 0.064615479, 0.05933115, 0.054980137, 0.051270673, 0.048081707, 0.045395137, 0.042919904, 0.040726505, 0.038799146, 0.037027275, 0.035423357, 0.033924482, 0.032551517, 0.031309017, 0.030141464, 0.029074871, 0.02808181, 0.027168312, 0.026303715, 0.025523599, 0.024746396, 0.024011252, 0.023332903, 0.022701852, 0.022067557, 0.021469453, 0.02088872, 0.020307294, 0.019787033]
