Flavour index: 1
Scale: 5
Bjorken x: 0.1
qT: [0.001, 0.01, 0.1, 1, 1.5, 2, 2.5, 3, 3.5, 4, 4.5, 5, 5.5, 6, 6.5, 7, 7.5, 8, 8.5, 9, 9.5, 10, 10.5, 11, 11.5, 12, 12.5, 13, 13.5, 14, 14.5, 15, 15.5, 16, 16.5, 17, 17.5, 18, 18.5, 19, 19.5, 20]
TMD: [0.58948556, 0.58948569, 0.58724136, 0.41831785, 0.31117727, 0.2362419, 0.18482896, 0.1486751, 0.12292209, 0.10409032, 0.089924794, 0.079172468, 0.070828918, 0.064311473, 0.059062253, 0.05475262, 0.051086674, 0.047937159, 0.045283277, 0.042834747, 0.040661269, 0.038747709, 0.036986282, 0.035390074, 0.033897242, 0.032529396, 0.031290648, 0.030126348, 0.029062054, 0.028070991, 0.027158661, 0.026295098, 0.025515367, 0.024739126, 0.024004789, 0.023326854, 0.022695988, 0.022062371, 0.021464775, 0.02088462, 0.020303587, 0.019783662]
