Flavour index: 1
Scale: 5
Bjorken x: 0.1
qT: [0.001, 0.01, 0.1, 1, 1.5, 2, 2.5, 3, 3.5, 4, 4.5, 5, 5.5, 6, 6.5, 7, 7.5, 8, 8.5, 9, 9.5, 10, 10.5, 11, 11.5, 12, 12.5, 13, 13.5, 14, 14.5, 15, 15.5, 16, 16.5, 17, 17.5, 18, 18.5, 19, 19.5, 20]
TMD: [0.62130808, 0.62130816, 0.61895068, 0.43582156, 0.31268806, 0.23004914, 0.17990466, 0.14661057, 0.12222643, 0.10383222, 0.089802638, 0.07910849, 0.07079949, 0.064309041, 0.059075898, 0.054773467, 0.051105884, 0.047950938, 0.045293717, 0.042839869, 0.040662998, 0.038748981, 0.036986787, 0.035390322, 0.033896801, 0.03252781, 0.03128886, 0.030123799, 0.029059537, 0.02806814, 0.027156492, 0.026293348, 0.025515109, 0.024738722, 0.024004255, 0.023326804, 0.022696775, 0.022062729, 0.021464912, 0.020884183, 0.020302906, 0.019782729]
