Flavour index: 1
Scale: 5
Bjorken x: 0.1
qT: [0.001, 0.01, 0.1, 1, 1.5, 2, 2.5, 3, 3.5, 4, 4.5, 5, 5.5, 6, 6.5, 7, 7.5, 8, 8.5, 9, 9.5, 10, 10.5, 11, 11.5, 12, 12.5, 13, 13.5, 14, 14.5, 15, 15.5, 16, 16.5, 17, 17.5, 18, 18.5, 19, 19.5, 20]
TMD: [0.65747326, 0.65747361, 0.65501809, 0.45837879, 0.31968119, 0.226898, 0.17554405, 0.14438214, 0.12117958, 0.10301863, 0.089044205, 0.078592515, 0.070419417, 0.064037289, 0.058885495, 0.054641458, 0.051010404, 0.047878453, 0.045241137, 0.042796573, 0.040626124, 0.038720141, 0.036962574, 0.035370039, 0.033878707, 0.032510518, 0.031273451, 0.0301089, 0.029046117, 0.028055308, 0.027145714, 0.026284035, 0.025508987, 0.024732941, 0.023998752, 0.023322535, 0.022694298, 0.022059862, 0.021461952, 0.020880468, 0.020298971, 0.01977851]
