Flavour index: 1
Scale: 5
Bjorken x: 0.1
qT: [0.001, 0.01, 0.1, 1, 1.5, 2, 2.5, 3, 3.5, 4, 4.5, 5, 5.5, 6, 6.5, 7, 7.5, 8, 8.5, 9, 9.5, 10, 10.5, 11, 11.5, 12, 12.5, 13, 13.5, 14, 14.5, 15, 15.5, 16, 16.5, 17, 17.5, 18, 18.5, 19, 19.5, 20]
TMD: [0.63736917, 0.63724361, 0.63511645, 0.45261186, 0.32088086, 0.22956596, 0.17688011, 0.14462635, 0.12120047, 0.1031008, 0.089213687, 0.078662133, 0.070468331, 0.064070227, 0.05890665, 0.054654975, 0.051020344, 0.04788675, 0.045247368, 0.042802394, 0.040631699, 0.03872419, 0.036965942, 0.035372813, 0.033881259, 0.032513116, 0.031275817, 0.030111298, 0.029048295, 0.028057429, 0.027147448, 0.026285507, 0.025509813, 0.024733745, 0.02399954, 0.023323088, 0.022694492, 0.022060174, 0.02146231, 0.020881013, 0.02029958, 0.019779193]
