Flavour index: 1
Scale: 5
Bjorken x: 0.1
qT: [0.001, 0.01, 0.1, 1, 1.5, 2, 2.5, 3, 3.5, 4, 4.5, 5, 5.5, 6, 6.5, 7, 7.5, 8, 8.5, 9, 9.5, 10, 10.5, 11, 11.5, 12, 12.5, 13, 13.5, 14, 14.5, 15, 15.5, 16, 16.5, 17, 17.5, 18, 18.5, 19, 19.5, 20]
TMD: [0.56663598, 0.56664322, 0.56506632, 0.42908658, 0.32206717, 0.23815262, 0.18263442, 0.14676556, 0.12194082, 0.10360388, 0.089627701, 0.078955783, 0.070663874, 0.064190088, 0.058975308, 0.054692249, 0.051044154, 0.047906135, 0.045261118, 0.042814313, 0.040645895, 0.038735257, 0.036975575, 0.035380971, 0.033889173, 0.032521783, 0.031283909, 0.030119875, 0.029056212, 0.028065369, 0.027153899, 0.026290961, 0.025512572, 0.024736501, 0.024002302, 0.023324896, 0.022694791, 0.02206103, 0.021463407, 0.020882955, 0.02030183, 0.019781793]
