Flavour index: 1
Scale: 5
Bjorken x: 0.1
qT: [0.001, 0.01, 0.1, 1, 1.5, 2, 2.5, 3, 3.5, 4, 4.5, 5, 5.5, 6, 6.5, 7, 7.5, 8, 8.5, 9, 9.5, 10, 10.5, 11, 11.5, 12, 12.5, 13, 13.5, 14, 14.5, 15, 15.5, 16, 16.5, 17, 17.5, 18, 18.5, 19, 19.5, 20]
TMD: [0.65487024, 0.65487147, 0.65248658, 0.46003827, 0.32217025, 0.22825748, 0.17567507, 0.14410797, 0.12095339, 0.1028571, 0.088901521, 0.078469635, 0.070320068, 0.063959377, 0.058825339, 0.054596053, 0.050976252, 0.047852631, 0.045221865, 0.042781719, 0.040614375, 0.038710806, 0.036954901, 0.035363674, 0.033873267, 0.032505701, 0.031269286, 0.03010513, 0.029042788, 0.028052252, 0.027143077, 0.02628172, 0.025507192, 0.024731297, 0.023997234, 0.023321246, 0.022693301, 0.022058878, 0.021461007, 0.02087947, 0.020297979, 0.019777509]
