Flavour index: 1
Scale: 5
Bjorken x: 0.1
qT: [0.001, 0.01, 0.1, 1, 1.5, 2, 2.5, 3, 3.5, 4, 4.5, 5, 5.5, 6, 6.5, 7, 7.5, 8, 8.5, 9, 9.5, 10, 10.5, 11, 11.5, 12, 12.5, 13, 13.5, 14, 14.5, 15, 15.5, 16, 16.5, 17, 17.5, 18, 18.5, 19, 19.5, 20]
TMD: [0.55473826, 0.5546288, 0.5531394, 0.41764962, 0.31154651, 0.23008764, 0.17823153, 0.14554992, 0.12241258, 0.10460543, 0.090700865, 0.079946192, 0.071577998, 0.064969403, 0.059618422, 0.055209507, 0.051455384, 0.048230532, 0.045512675, 0.043015937, 0.04080519, 0.03886211, 0.037078898, 0.035465861, 0.033960618, 0.032583241, 0.031336264, 0.030165893, 0.029096215, 0.028101131, 0.027184799, 0.026318051, 0.025534622, 0.024756439, 0.024020485, 0.023340691, 0.022707833, 0.022073468, 0.021475124, 0.020894719, 0.020313239, 0.019793015]
