Flavour index: 1
Scale: 5
Bjorken x: 0.1
qT: [0.001, 0.01, 0.1, 1, 1.5, 2, 2.5, 3, 3.5, 4, 4.5, 5, 5.5, 6, 6.5, 7, 7.5, 8, 8.5, 9, 9.5, 10, 10.5, 11, 11.5, 12, 12.5, 13, 13.5, 14, 14.5, 15, 15.5, 16, 16.5, 17, 17.5, 18, 18.5, 19, 19.5, 20]
TMD: [0.62156605, 0.62144326, 0.61949132, 0.44748381, 0.32097213, 0.23100433, 0.17772862, 0.1449284, 0.12137804, 0.1032749, 0.089362067, 0.078774929, 0.070552772, 0.064130873, 0.058949255, 0.054684886, 0.051042187, 0.047903632, 0.045259873, 0.042812822, 0.04064048, 0.038731069, 0.03697165, 0.035377551, 0.033885485, 0.032517149, 0.031279407, 0.030114766, 0.029051412, 0.028060402, 0.027149939, 0.026287655, 0.025511215, 0.02473507, 0.024000802, 0.023324064, 0.02269505, 0.022060825, 0.021462984, 0.020881867, 0.020300484, 0.019780164]
