Flavour index: 1
Scale: 5
Bjorken x: 0.1
qT: [0.001, 0.01, 0.1, 1, 1.5, 2, 2.5, 3, 3.5, 4, 4.5, 5, 5.5, 6, 6.5, 7, 7.5, 8, 8.5, 9, 9.5, 10, 10.5, 11, 11.5, 12, 12.5, 13, 13.5, 14, 14.5, 15, 15.5, 16, 16.5, 17, 17.5, 18, 18.5, 19, 19.5, 20]
TMD: [0.58251539, 0.58240046, 0.58071887, 0.43047879, 0.31553799, 0.23005071, 0.17754868, 0.14508758, 0.12198942, 0.10411137, 0.090124916, 0.079489129, 0.071189221, 0.064651218, 0.059363769, 0.05500903, 0.051296284, 0.048103556, 0.045413623, 0.04293562, 0.040739541, 0.038809608, 0.037035752, 0.035430246, 0.033930279, 0.032556509, 0.031313256, 0.030145189, 0.029078079, 0.028084649, 0.027170718, 0.026305794, 0.025525227, 0.024747866, 0.024012592, 0.023334043, 0.022702754, 0.022068434, 0.021470286, 0.02088958, 0.020308133, 0.019787865]
