Flavour index: 1
Scale: 5
Bjorken x: 0.1
qT: [0.001, 0.01, 0.1, 1, 1.5, 2, 2.5, 3, 3.5, 4, 4.5, 5, 5.5, 6, 6.5, 7, 7.5, 8, 8.5, 9, 9.5, 10, 10.5, 11, 11.5, 12, 12.5, 13, 13.5, 14, 14.5, 15, 15.5, 16, 16.5, 17, 17.5, 18, 18.5, 19, 19.5, 20]
TMD: [0.60250834, 0.60251001, 0.60034054, 0.43048131, 0.3139172, 0.23271215, 0.18140571, 0.14709938, 0.12238394, 0.10391558, 0.089848663, 0.079129311, 0.070805316, 0.064304459, 0.05906605, 0.054762077, 0.051096027, 0.047943755, 0.045288271, 0.042836678, 0.04066123, 0.03874757, 0.036985791, 0.035389552, 0.0338964, 0.032527892, 0.031289087, 0.030124336, 0.029060103, 0.028068844, 0.027156995, 0.026293735, 0.02551502, 0.0247387, 0.024004293, 0.023326694, 0.022696398, 0.022062505, 0.02146477, 0.02088424, 0.020303049, 0.01978296]
