Flavour index: 1
Scale: 5
Bjorken x: 0.1
qT: [0.001, 0.01, 0.1, 1, 1.5, 2, 2.5, 3, 3.5, 4, 4.5, 5, 5.5, 6, 6.5, 7, 7.5, 8, 8.5, 9, 9.5, 10, 10.5, 11, 11.5, 12, 12.5, 13, 13.5, 14, 14.5, 15, 15.5, 16, 16.5, 17, 17.5, 18, 18.5, 19, 19.5, 20]
TMD: [0.74561375, 0.74560595, 0.74192674, 0.47861595, 0.31668105, 0.2233062, 0.17511509, 0.14378998, 0.11988669, 0.10180984, 0.088173393, 0.077802922, 0.069830197, 0.063598199, 0.058562795, 0.054406551, 0.050836318, 0.047745316, 0.045141145, 0.042716473, 0.040561203, 0.038669048, 0.03692064, 0.035335365, 0.033866812, 0.032482578, 0.031248927, 0.030085923, 0.029025648, 0.028036108, 0.02712942, 0.026269871, 0.025498958, 0.024723608, 0.023989992, 0.023315443, 0.022689518, 0.022054783, 0.021456896, 0.020874615, 0.020262195, 0.019772227]
