Flavour index: 1
Scale: 5
Bjorken x: 0.1
qT: [0.001, 0.01, 0.1, 1, 1.5, 2, 2.5, 3, 3.5, 4, 4.5, 5, 5.5, 6, 6.5, 7, 7.5, 8, 8.5, 9, 9.5, 10, 10.5, 11, 11.5, 12, 12.5, 13, 13.5, 14, 14.5, 15, 15.5, 16, 16.5, 17, 17.5, 18, 18.5, 19, 19.5, 20]
TMD: [0.59524461, 0.59512777, 0.59331774, 0.43362849, 0.31343048, 0.22638688, 0.17487617, 0.14378552, 0.12146054, 0.10389737, 0.090073674, 0.079549326, 0.071314735, 0.064805194, 0.059523008, 0.055159718, 0.051430688, 0.048218904, 0.045510546, 0.043015752, 0.040805467, 0.038864004, 0.037080626, 0.035467384, 0.033961088, 0.032582072, 0.031334644, 0.03016313, 0.029093311, 0.028097648, 0.027182011, 0.026315665, 0.025534037, 0.024755627, 0.024019483, 0.023340275, 0.022708469, 0.022073575, 0.021474961, 0.020893826, 0.020312041, 0.019791486]
