Flavour index: 1
Scale: 5
Bjorken x: 0.1
qT: [0.001, 0.01, 0.1, 1, 1.5, 2, 2.5, 3, 3.5, 4, 4.5, 5, 5.5, 6, 6.5, 7, 7.5, 8, 8.5, 9, 9.5, 10, 10.5, 11, 11.5, 12, 12.5, 13, 13.5, 14, 14.5, 15, 15.5, 16, 16.5, 17, 17.5, 18, 18.5, 19, 19.5, 20]
TMD: [0.63039516, 0.63027057, 0.62817966, 0.44935838, 0.32097657, 0.23145085, 0.17847812, 0.14526376, 0.1213088, 0.10308732, 0.089177893, 0.078610005, 0.07041108, 0.064015699, 0.058858129, 0.054614234, 0.050987668, 0.047862087, 0.045228222, 0.042788126, 0.040621001, 0.038715811, 0.036959323, 0.035367459, 0.033876917, 0.032509675, 0.03127299, 0.030109038, 0.029046395, 0.028055861, 0.027146017, 0.026284212, 0.025508478, 0.024732576, 0.023998511, 0.023322094, 0.022693472, 0.022059294, 0.021461528, 0.020880364, 0.02029901, 0.019778694]
