Flavour index: 1
Scale: 5
Bjorken x: 0.1
qT: [0.001, 0.01, 0.1, 1, 1.5, 2, 2.5, 3, 3.5, 4, 4.5, 5, 5.5, 6, 6.5, 7, 7.5, 8, 8.5, 9, 9.5, 10, 10.5, 11, 11.5, 12, 12.5, 13, 13.5, 14, 14.5, 15, 15.5, 16, 16.5, 17, 17.5, 18, 18.5, 19, 19.5, 20]
TMD: [0.58215864, 0.58204232, 0.58047364, 0.43688281, 0.32340274, 0.23559708, 0.17976057, 0.14525208, 0.12148584, 0.10350628, 0.089591445, 0.078915315, 0.070678228, 0.064219444, 0.059010033, 0.054726461, 0.051073358, 0.047928506, 0.045278452, 0.04282911, 0.04065448, 0.038741966, 0.036980648, 0.035384964, 0.033892156, 0.032523649, 0.031285236, 0.030120487, 0.029056565, 0.028065343, 0.027154034, 0.02629116, 0.025513375, 0.024737133, 0.024002788, 0.023325546, 0.022695784, 0.022061762, 0.021463987, 0.020883221, 0.020301946, 0.019781761]
