Flavour index: 1
Scale: 5
Bjorken x: 0.1
qT: [0.001, 0.01, 0.1, 1, 1.5, 2, 2.5, 3, 3.5, 4, 4.5, 5, 5.5, 6, 6.5, 7, 7.5, 8, 8.5, 9, 9.5, 10, 10.5, 11, 11.5, 12, 12.5, 13, 13.5, 14, 14.5, 15, 15.5, 16, 16.5, 17, 17.5, 18, 18.5, 19, 19.5, 20]
TMD: [0.70148019, 0.70147561, 0.69837792, 0.46751913, 0.3120267, 0.21673169, 0.17043388, 0.14340209, 0.12134036, 0.10314942, 0.089199377, 0.078844631, 0.070700467, 0.064302159, 0.059121714, 0.054842357, 0.051173037, 0.048006131, 0.045340951, 0.042873103, 0.040685654, 0.038767259, 0.037001248, 0.035401634, 0.033922875, 0.03253172, 0.031291099, 0.030123601, 0.029058657, 0.028066082, 0.027155261, 0.026292521, 0.025516835, 0.024739891, 0.024004953, 0.023328252, 0.022699685, 0.022064683, 0.021466331, 0.020884394, 0.02030258, 0.019781844]
