Flavour index: 1
Scale: 5
Bjorken x: 0.1
qT: [0.001, 0.01, 0.1, 1, 1.5, 2, 2.5, 3, 3.5, 4, 4.5, 5, 5.5, 6, 6.5, 7, 7.5, 8, 8.5, 9, 9.5, 10, 10.5, 11, 11.5, 12, 12.5, 13, 13.5, 14, 14.5, 15, 15.5, 16, 16.5, 17, 17.5, 18, 18.5, 19, 19.5, 20]
TMD: [0.59665077, 0.59665017, 0.59433463, 0.42003146, 0.30989687, 0.23428787, 0.18357458, 0.14821913, 0.12291431, 0.10422572, 0.090066809, 0.079289891, 0.070922262, 0.064385619, 0.059120842, 0.054798088, 0.051121092, 0.047962668, 0.045301972, 0.04284854, 0.040671712, 0.038755921, 0.036992936, 0.035395586, 0.03390188, 0.032533295, 0.031293951, 0.030129162, 0.029064488, 0.028073115, 0.027160553, 0.026296793, 0.0255169, 0.024740498, 0.024006026, 0.023327985, 0.022697026, 0.022063313, 0.021465639, 0.02088542, 0.020304333, 0.019784367]
