Flavour index: 1
Scale: 5
Bjorken x: 0.1
qT: [0.001, 0.01, 0.1, 1, 1.5, 2, 2.5, 3, 3.5, 4, 4.5, 5, 5.5, 6, 6.5, 7, 7.5, 8, 8.5, 9, 9.5, 10, 10.5, 11, 11.5, 12, 12.5, 13, 13.5, 14, 14.5, 15, 15.5, 16, 16.5, 17, 17.5, 18, 18.5, 19, 19.5, 20]
TMD: [0.69863822, 0.69862742, 0.69496818, 0.44136286, 0.29759584, 0.22000576, 0.17774318, 0.1466982, 0.12234912, 0.10400136, 0.090024473, 0.079326408, 0.070963894, 0.064490812, 0.059231038, 0.054900436, 0.051204128, 0.04802363, 0.045347851, 0.042879647, 0.040693143, 0.038773098, 0.037006423, 0.035406561, 0.03391005, 0.032538532, 0.03129776, 0.030131096, 0.029065771, 0.028073442, 0.027161304, 0.026297697, 0.025519373, 0.024742486, 0.024007601, 0.023329965, 0.022699885, 0.022065461, 0.021467369, 0.020886303, 0.020304823, 0.019784462]
