Flavour index: 1
Scale: 5
Bjorken x: 0.1
qT: [0.001, 0.01, 0.1, 1, 1.5, 2, 2.5, 3, 3.5, 4, 4.5, 5, 5.5, 6, 6.5, 7, 7.5, 8, 8.5, 9, 9.5, 10, 10.5, 11, 11.5, 12, 12.5, 13, 13.5, 14, 14.5, 15, 15.5, 16, 16.5, 17, 17.5, 18, 18.5, 19, 19.5, 20]
TMD: [0.66147583, 0.66147352, 0.65869781, 0.45166717, 0.31033246, 0.2202797, 0.17289884, 0.14399293, 0.12150194, 0.10354114, 0.089665064, 0.079223996, 0.071001675, 0.064541794, 0.059307661, 0.054984454, 0.05128494, 0.048096304, 0.045410864, 0.042930877, 0.040733711, 0.038806111, 0.037032595, 0.035427535, 0.033926916, 0.032551817, 0.031308558, 0.030139639, 0.029072795, 0.028079089, 0.027166273, 0.026302058, 0.025523765, 0.024746278, 0.024010894, 0.023333117, 0.022703115, 0.022068232, 0.021469815, 0.020888303, 0.020306546, 0.019785931]
