Flavour index: 1
Scale: 5
Bjorken x: 0.1
qT: [0.001, 0.01, 0.1, 1, 1.5, 2, 2.5, 3, 3.5, 4, 4.5, 5, 5.5, 6, 6.5, 7, 7.5, 8, 8.5, 9, 9.5, 10, 10.5, 11, 11.5, 12, 12.5, 13, 13.5, 14, 14.5, 15, 15.5, 16, 16.5, 17, 17.5, 18, 18.5, 19, 19.5, 20]
TMD: [0.58282542, 0.58270969, 0.58108912, 0.43376607, 0.31816874, 0.23034308, 0.17634748, 0.1439675, 0.12147322, 0.10392228, 0.09001093, 0.079408088, 0.0711481, 0.064639955, 0.059368952, 0.05502294, 0.051313675, 0.048120648, 0.045429183, 0.042948984, 0.040750453, 0.038818756, 0.037043145, 0.035436244, 0.033935049, 0.032560093, 0.031316084, 0.030147237, 0.029079673, 0.028085767, 0.027171729, 0.026306684, 0.025526345, 0.024748792, 0.024013357, 0.023334841, 0.022703703, 0.022069192, 0.021470922, 0.020890005, 0.020308443, 0.019788065]
