Flavour index: 1
Scale: 5
Bjorken x: 0.1
qT: [0.001, 0.01, 0.1, 1, 1.5, 2, 2.5, 3, 3.5, 4, 4.5, 5, 5.5, 6, 6.5, 7, 7.5, 8, 8.5, 9, 9.5, 10, 10.5, 11, 11.5, 12, 12.5, 13, 13.5, 14, 14.5, 15, 15.5, 16, 16.5, 17, 17.5, 18, 18.5, 19, 19.5, 20]
TMD: [0.53090018, 0.530908, 0.52954059, 0.41121569, 0.31438424, 0.23550957, 0.18191885, 0.14704077, 0.12280975, 0.10467783, 0.090663617, 0.079861179, 0.071422637, 0.064800332, 0.059454938, 0.055062311, 0.051330033, 0.048127997, 0.045429642, 0.042949957, 0.040752653, 0.038819567, 0.037044353, 0.035437564, 0.033937399, 0.032564298, 0.03132055, 0.030152916, 0.029085244, 0.028091854, 0.027176634, 0.026310843, 0.025527915, 0.024750535, 0.024015251, 0.023335857, 0.022703234, 0.022069383, 0.021471433, 0.020891456, 0.020310273, 0.019790307]
