Flavour index: 1
Scale: 5
Bjorken x: 0.1
qT: [0.001, 0.01, 0.1, 1, 1.5, 2, 2.5, 3, 3.5, 4, 4.5, 5, 5.5, 6, 6.5, 7, 7.5, 8, 8.5, 9, 9.5, 10, 10.5, 11, 11.5, 12, 12.5, 13, 13.5, 14, 14.5, 15, 15.5, 16, 16.5, 17, 17.5, 18, 18.5, 19, 19.5, 20]
TMD: [0.56427775, 0.56428096, 0.56237365, 0.41335123, 0.31070115, 0.23612495, 0.1851229, 0.149172, 0.12336864, 0.10447667, 0.090245244, 0.079422858, 0.0710199, 0.064452088, 0.059164466, 0.054826473, 0.051141181, 0.047978432, 0.045313716, 0.042858971, 0.040680993, 0.038763205, 0.036999093, 0.035400736, 0.033906599, 0.032538031, 0.031298244, 0.030133479, 0.029068418, 0.028076971, 0.027163741, 0.026299518, 0.0255185, 0.024742043, 0.024007527, 0.023329072, 0.022697484, 0.02206396, 0.021466356, 0.02088645, 0.020305469, 0.019785627]
