Flavour index: 1
Scale: 5
Bjorken x: 0.1
qT: [0.001, 0.01, 0.1, 1, 1.5, 2, 2.5, 3, 3.5, 4, 4.5, 5, 5.5, 6, 6.5, 7, 7.5, 8, 8.5, 9, 9.5, 10, 10.5, 11, 11.5, 12, 12.5, 13, 13.5, 14, 14.5, 15, 15.5, 16, 16.5, 17, 17.5, 18, 18.5, 19, 19.5, 20]
TMD: [0.61423006, 0.61423214, 0.61214176, 0.43998071, 0.31456675, 0.22695148, 0.17622896, 0.14503935, 0.1220314, 0.10395996, 0.089910803, 0.079323361, 0.071020381, 0.06451145, 0.059251345, 0.054919701, 0.051223664, 0.048043771, 0.04536613, 0.042896154, 0.040706863, 0.038783549, 0.037014426, 0.035412752, 0.033915355, 0.032543238, 0.031301802, 0.030134784, 0.029068958, 0.028076332, 0.027163679, 0.026299705, 0.025520728, 0.02474374, 0.024008772, 0.023330888, 0.022700467, 0.022066102, 0.021468014, 0.020887081, 0.020305618, 0.019785295]
