Flavour index: 1
Scale: 5
Bjorken x: 0.1
qT: [0.001, 0.01, 0.1, 1, 1.5, 2, 2.5, 3, 3.5, 4, 4.5, 5, 5.5, 6, 6.5, 7, 7.5, 8, 8.5, 9, 9.5, 10, 10.5, 11, 11.5, 12, 12.5, 13, 13.5, 14, 14.5, 15, 15.5, 16, 16.5, 17, 17.5, 18, 18.5, 19, 19.5, 20]
TMD: [0.68254409, 0.68254212, 0.67964881, 0.46433644, 0.31781678, 0.22434871, 0.17469449, 0.14429007, 0.12104153, 0.1028198, 0.088885439, 0.078477688, 0.070332626, 0.063975586, 0.058842924, 0.054611943, 0.050988612, 0.04786205, 0.045228264, 0.042785347, 0.04061674, 0.038712939, 0.036956638, 0.035365145, 0.033874302, 0.032506273, 0.03126966, 0.030105209, 0.029042797, 0.02805213, 0.027143065, 0.026281759, 0.025507545, 0.02473157, 0.02399744, 0.023321537, 0.022693765, 0.022059215, 0.021461269, 0.020879575, 0.020298017, 0.019777476]
