Flavour index: 1
Scale: 5
Bjorken x: 0.1
qT: [0.001, 0.01, 0.1, 1, 1.5, 2, 2.5, 3, 3.5, 4, 4.5, 5, 5.5, 6, 6.5, 7, 7.5, 8, 8.5, 9, 9.5, 10, 10.5, 11, 11.5, 12, 12.5, 13, 13.5, 14, 14.5, 15, 15.5, 16, 16.5, 17, 17.5, 18, 18.5, 19, 19.5, 20]
TMD: [0.61928742, 0.6192909, 0.61715429, 0.44556085, 0.32273854, 0.23539376, 0.18106088, 0.14582073, 0.12099734, 0.10274952, 0.088953582, 0.078443207, 0.070277023, 0.063908179, 0.058772739, 0.054548052, 0.050938303, 0.047825562, 0.045201717, 0.042768545, 0.040606121, 0.038704025, 0.036949702, 0.035359449, 0.033870132, 0.032503993, 0.031268197, 0.030104963, 0.029042868, 0.028052751, 0.027143234, 0.026281711, 0.025506216, 0.02473055, 0.023996684, 0.023320424, 0.02269194, 0.022057905, 0.021460253, 0.020879184, 0.020297906, 0.019777649]
