Flavour index: 1
Scale: 5
Bjorken x: 0.1
qT: [0.001, 0.01, 0.1, 1, 1.5, 2, 2.5, 3, 3.5, 4, 4.5, 5, 5.5, 6, 6.5, 7, 7.5, 8, 8.5, 9, 9.5, 10, 10.5, 11, 11.5, 12, 12.5, 13, 13.5, 14, 14.5, 15, 15.5, 16, 16.5, 17, 17.5, 18, 18.5, 19, 19.5, 20]
TMD: [0.53542933, 0.53543844, 0.53403981, 0.41726946, 0.32085743, 0.24090247, 0.1850533, 0.14797649, 0.12247512, 0.10393656, 0.089908436, 0.079184737, 0.070835391, 0.064310016, 0.05905764, 0.054748213, 0.051084486, 0.047937341, 0.045284351, 0.042834321, 0.040662811, 0.038748521, 0.036986666, 0.035390212, 0.033897467, 0.032529852, 0.03129115, 0.030126986, 0.029062643, 0.028071574, 0.027159071, 0.026295407, 0.025515366, 0.02473916, 0.024004852, 0.023326823, 0.022695792, 0.022062268, 0.021464719, 0.020884687, 0.020303694, 0.019783819]
