Flavour index: 1
Scale: 5
Bjorken x: 0.1
qT: [0.001, 0.01, 0.1, 1, 1.5, 2, 2.5, 3, 3.5, 4, 4.5, 5, 5.5, 6, 6.5, 7, 7.5, 8, 8.5, 9, 9.5, 10, 10.5, 11, 11.5, 12, 12.5, 13, 13.5, 14, 14.5, 15, 15.5, 16, 16.5, 17, 17.5, 18, 18.5, 19, 19.5, 20]
TMD: [0.59643228, 0.59643537, 0.59440655, 0.43195545, 0.31601647, 0.23317714, 0.18104881, 0.14680976, 0.12224712, 0.1038402, 0.08980004, 0.07909608, 0.070781791, 0.064287901, 0.059054501, 0.054754282, 0.051090772, 0.047940126, 0.045285808, 0.042834732, 0.040659547, 0.038746175, 0.03698455, 0.03538847, 0.033895429, 0.032526966, 0.031288263, 0.03012354, 0.029059382, 0.028068148, 0.027156403, 0.026293218, 0.025514669, 0.02473837, 0.02400398, 0.023326447, 0.022696245, 0.022062335, 0.021464597, 0.020884031, 0.020302828, 0.019782725]
