Flavour index: 1
Scale: 5
Bjorken x: 0.1
qT: [0.001, 0.01, 0.1, 1, 1.5, 2, 2.5, 3, 3.5, 4, 4.5, 5, 5.5, 6, 6.5, 7, 7.5, 8, 8.5, 9, 9.5, 10, 10.5, 11, 11.5, 12, 12.5, 13, 13.5, 14, 14.5, 15, 15.5, 16, 16.5, 17, 17.5, 18, 18.5, 19, 19.5, 20]
TMD: [0.59713623, 0.59714307, 0.59539465, 0.44637502, 0.32778891, 0.23601072, 0.17853953, 0.14408716, 0.12077812, 0.1030434, 0.089136734, 0.078596626, 0.070430619, 0.064035566, 0.058875177, 0.054628745, 0.051001186, 0.047873745, 0.045237835, 0.042796637, 0.040627878, 0.038720988, 0.036963262, 0.035370496, 0.033879523, 0.032512001, 0.031274997, 0.030110863, 0.029047968, 0.028057252, 0.027147164, 0.026285187, 0.025509153, 0.024733204, 0.023999098, 0.023322565, 0.022693785, 0.022059632, 0.021461864, 0.020880761, 0.020299409, 0.01977911]
