Flavour index: 1
Scale: 5
Bjorken x: 0.1
qT: [0.001, 0.01, 0.1, 1, 1.5, 2, 2.5, 3, 3.5, 4, 4.5, 5, 5.5, 6, 6.5, 7, 7.5, 8, 8.5, 9, 9.5, 10, 10.5, 11, 11.5, 12, 12.5, 13, 13.5, 14, 14.5, 15, 15.5, 16, 16.5, 17, 17.5, 18, 18.5, 19, 19.5, 20]
TMD: [0.67372447, 0.67372088, 0.67085187, 0.45266096, 0.31324017, 0.22672811, 0.1779005, 0.14557749, 0.12139398, 0.10309866, 0.089203195, 0.078638155, 0.070439131, 0.064044799, 0.058885287, 0.054637555, 0.051005617, 0.047874083, 0.045236687, 0.042793361, 0.040624548, 0.038718829, 0.036961871, 0.035369654, 0.03387856, 0.032510755, 0.031273791, 0.030109476, 0.029046718, 0.028056013, 0.027146259, 0.026284483, 0.025509054, 0.024733049, 0.023998896, 0.023322552, 0.022694096, 0.022059772, 0.021461919, 0.020880584, 0.020299154, 0.019778761]
