Flavour index: 1
Scale: 5
Bjorken x: 0.1
qT: [0.001, 0.01, 0.1, 1, 1.5, 2, 2.5, 3, 3.5, 4, 4.5, 5, 5.5, 6, 6.5, 7, 7.5, 8, 8.5, 9, 9.5, 10, 10.5, 11, 11.5, 12, 12.5, 13, 13.5, 14, 14.5, 15, 15.5, 16, 16.5, 17, 17.5, 18, 18.5, 19, 19.5, 20]
TMD: [0.56745792, 0.567345, 0.56583925, 0.42786747, 0.31877697, 0.23410786, 0.1798052, 0.14577634, 0.12207409, 0.10406036, 0.090088316, 0.079340491, 0.071026351, 0.064494444, 0.059222826, 0.05488832, 0.051197023, 0.048023797, 0.045350483, 0.042885894, 0.040700132, 0.038778015, 0.037010162, 0.035409317, 0.033913012, 0.032542196, 0.031301282, 0.03013508, 0.029069436, 0.028077172, 0.027164171, 0.026300019, 0.025520095, 0.024743303, 0.024008501, 0.02333034, 0.022699387, 0.022065372, 0.021467479, 0.020886985, 0.020305714, 0.01978559]
