Flavour index: 1
Scale: 5
Bjorken x: 0.1
qT: [0.001, 0.01, 0.1, 1, 1.5, 2, 2.5, 3, 3.5, 4, 4.5, 5, 5.5, 6, 6.5, 7, 7.5, 8, 8.5, 9, 9.5, 10, 10.5, 11, 11.5, 12, 12.5, 13, 13.5, 14, 14.5, 15, 15.5, 16, 16.5, 17, 17.5, 18, 18.5, 19, 19.5, 20]
TMD: [0.59171833, 0.59160129, 0.58984487, 0.43343437, 0.31722325, 0.23236999, 0.17975301, 0.14618406, 0.12214701, 0.10389121, 0.089878419, 0.079179377, 0.070860684, 0.0643573, 0.059112873, 0.05480177, 0.05112844, 0.04796942, 0.045308171, 0.042851858, 0.04067272, 0.038756458, 0.036992731, 0.035395102, 0.033900936, 0.032531565, 0.031292136, 0.03012684, 0.02906222, 0.02807062, 0.027158578, 0.026295148, 0.025516376, 0.024739898, 0.024005358, 0.023327694, 0.022697373, 0.022063366, 0.021465546, 0.02088492, 0.020303661, 0.019783515]
