Flavour index: 1
Scale: 5
Bjorken x: 0.1
qT: [0.001, 0.01, 0.1, 1, 1.5, 2, 2.5, 3, 3.5, 4, 4.5, 5, 5.5, 6, 6.5, 7, 7.5, 8, 8.5, 9, 9.5, 10, 10.5, 11, 11.5, 12, 12.5, 13, 13.5, 14, 14.5, 15, 15.5, 16, 16.5, 17, 17.5, 18, 18.5, 19, 19.5, 20]
TMD: [0.63904654, 0.63903829, 0.63589998, 0.42261877, 0.30810501, 0.23391462, 0.18343644, 0.14802776, 0.12260569, 0.10387776, 0.089757446, 0.079042727, 0.070733216, 0.064246363, 0.059019322, 0.054724438, 0.051066349, 0.047920858, 0.045270931, 0.042823777, 0.040651638, 0.038740246, 0.036980071, 0.035384932, 0.033892537, 0.032524678, 0.031286371, 0.030122054, 0.029058153, 0.028067181, 0.027155517, 0.026292414, 0.025513796, 0.024737609, 0.024003315, 0.023325788, 0.022695542, 0.022061738, 0.021464072, 0.020883607, 0.020302471, 0.019782423]
