Flavour index: 1
Scale: 5
Bjorken x: 0.1
qT: [0.001, 0.01, 0.1, 1, 1.5, 2, 2.5, 3, 3.5, 4, 4.5, 5, 5.5, 6, 6.5, 7, 7.5, 8, 8.5, 9, 9.5, 10, 10.5, 11, 11.5, 12, 12.5, 13, 13.5, 14, 14.5, 15, 15.5, 16, 16.5, 17, 17.5, 18, 18.5, 19, 19.5, 20]
TMD: [0.65064944, 0.65064752, 0.64799216, 0.44555379, 0.31443972, 0.22973309, 0.17942523, 0.14603301, 0.12160383, 0.10326089, 0.089317856, 0.078716938, 0.070492326, 0.064077068, 0.058903742, 0.054647267, 0.051011772, 0.047879257, 0.045240517, 0.042797578, 0.040628743, 0.038722084, 0.036964672, 0.035372003, 0.03388085, 0.032513255, 0.03127612, 0.030111944, 0.029048991, 0.028058294, 0.027148108, 0.026286044, 0.025509834, 0.024733829, 0.023999679, 0.02332306, 0.022694167, 0.022060007, 0.021462225, 0.020881136, 0.020299796, 0.019779504]
