Flavour index: 1
Scale: 5
Bjorken x: 0.1
qT: [0.001, 0.01, 0.1, 1, 1.5, 2, 2.5, 3, 3.5, 4, 4.5, 5, 5.5, 6, 6.5, 7, 7.5, 8, 8.5, 9, 9.5, 10, 10.5, 11, 11.5, 12, 12.5, 13, 13.5, 14, 14.5, 15, 15.5, 16, 16.5, 17, 17.5, 18, 18.5, 19, 19.5, 20]
TMD: [0.67293448, 0.67292715, 0.66972614, 0.44314279, 0.31414222, 0.2324575, 0.18071691, 0.14595917, 0.1212349, 0.1029179, 0.089039411, 0.078498739, 0.070323154, 0.063948303, 0.058806498, 0.054574433, 0.050957319, 0.047838431, 0.04521047, 0.042774554, 0.040610599, 0.038707821, 0.036952967, 0.035362269, 0.033872445, 0.032505782, 0.031269643, 0.030106073, 0.029043809, 0.028053529, 0.027143991, 0.026282423, 0.025507023, 0.024731253, 0.023997298, 0.023321037, 0.022692599, 0.02205846, 0.02146074, 0.020879566, 0.020298237, 0.01977793]
