Flavour index: 1
Scale: 5
Bjorken x: 0.1
qT: [0.001, 0.01, 0.1, 1, 1.5, 2, 2.5, 3, 3.5, 4, 4.5, 5, 5.5, 6, 6.5, 7, 7.5, 8, 8.5, 9, 9.5, 10, 10.5, 11, 11.5, 12, 12.5, 13, 13.5, 14, 14.5, 15, 15.5, 16, 16.5, 17, 17.5, 18, 18.5, 19, 19.5, 20]
TMD: [0.59196033, 0.5919593, 0.5896857, 0.41555027, 0.30159465, 0.22635296, 0.1798863, 0.14774189, 0.12357755, 0.10514306, 0.090973325, 0.080094988, 0.07160359, 0.064940413, 0.059561576, 0.055140682, 0.051384667, 0.048164361, 0.045453652, 0.042965689, 0.040763876, 0.038828506, 0.037051898, 0.035444085, 0.033942921, 0.032568905, 0.031324459, 0.030156232, 0.029088175, 0.028094496, 0.027179094, 0.026313113, 0.025530091, 0.024752486, 0.024017011, 0.023337504, 0.022704804, 0.022070784, 0.021472708, 0.020892598, 0.020311336, 0.019791303]
