Flavour index: 1
Scale: 5
Bjorken x: 0.1
qT: [0.001, 0.01, 0.1, 1, 1.5, 2, 2.5, 3, 3.5, 4, 4.5, 5, 5.5, 6, 6.5, 7, 7.5, 8, 8.5, 9, 9.5, 10, 10.5, 11, 11.5, 12, 12.5, 13, 13.5, 14, 14.5, 15, 15.5, 16, 16.5, 17, 17.5, 18, 18.5, 19, 19.5, 20]
TMD: [0.5898234, 0.58970579, 0.58807001, 0.43949705, 0.32321771, 0.23448198, 0.17897062, 0.14496199, 0.1214176, 0.10347358, 0.089561348, 0.07889592, 0.070669693, 0.064217819, 0.059012141, 0.054730235, 0.051077033, 0.047931285, 0.045280672, 0.042830477, 0.040655251, 0.038742599, 0.036981084, 0.035385288, 0.033892309, 0.032523561, 0.031285077, 0.030120176, 0.029056241, 0.028064956, 0.027153748, 0.026290934, 0.025513385, 0.024737113, 0.024002741, 0.023325575, 0.022695946, 0.02206185, 0.021464036, 0.020883174, 0.020301858, 0.01978163]
