Flavour index: 1
Scale: 5
Bjorken x: 0.1
qT: [0.001, 0.01, 0.1, 1, 1.5, 2, 2.5, 3, 3.5, 4, 4.5, 5, 5.5, 6, 6.5, 7, 7.5, 8, 8.5, 9, 9.5, 10, 10.5, 11, 11.5, 12, 12.5, 13, 13.5, 14, 14.5, 15, 15.5, 16, 16.5, 17, 17.5, 18, 18.5, 19, 19.5, 20]
TMD: [0.58040105, 0.58028515, 0.57870559, 0.43499769, 0.32243512, 0.23579495, 0.1804555, 0.1457721, 0.12170619, 0.10358108, 0.089625177, 0.078930871, 0.070680111, 0.064213394, 0.059000552, 0.054716034, 0.051063753, 0.047920802, 0.045272133, 0.042824229, 0.040650914, 0.038739185, 0.036978549, 0.035383338, 0.033890933, 0.032522823, 0.03128462, 0.030120119, 0.029056308, 0.028065228, 0.027153896, 0.026291022, 0.025513076, 0.024736893, 0.024002596, 0.023325314, 0.022695457, 0.022061514, 0.021463786, 0.020883113, 0.020301884, 0.019781745]
