Flavour index: 1
Scale: 5
Bjorken x: 0.1
qT: [0.001, 0.01, 0.1, 1, 1.5, 2, 2.5, 3, 3.5, 4, 4.5, 5, 5.5, 6, 6.5, 7, 7.5, 8, 8.5, 9, 9.5, 10, 10.5, 11, 11.5, 12, 12.5, 13, 13.5, 14, 14.5, 15, 15.5, 16, 16.5, 17, 17.5, 18, 18.5, 19, 19.5, 20]
TMD: [0.62418487, 0.62418482, 0.62181021, 0.43693071, 0.31241353, 0.2293754, 0.17957171, 0.14656295, 0.12223867, 0.10383931, 0.089806572, 0.079112112, 0.070803236, 0.064313001, 0.059079715, 0.054776855, 0.051108528, 0.047952798, 0.045295054, 0.042840701, 0.040663531, 0.038749414, 0.036987131, 0.035390611, 0.033897016, 0.032527934, 0.031288943, 0.030123823, 0.029059545, 0.028068122, 0.027156495, 0.02629336, 0.025515182, 0.024738779, 0.024004299, 0.023326864, 0.022696869, 0.022062798, 0.021464966, 0.020884207, 0.020302917, 0.019782725]
