Flavour index: 1
Scale: 5
Bjorken x: 0.1
qT: [0.001, 0.01, 0.1, 1, 1.5, 2, 2.5, 3, 3.5, 4, 4.5, 5, 5.5, 6, 6.5, 7, 7.5, 8, 8.5, 9, 9.5, 10, 10.5, 11, 11.5, 12, 12.5, 13, 13.5, 14, 14.5, 15, 15.5, 16, 16.5, 17, 17.5, 18, 18.5, 19, 19.5, 20]
TMD: [0.53879143, 0.53879846, 0.53733745, 0.41291617, 0.31379282, 0.23497092, 0.18203451, 0.14733252, 0.12294851, 0.1046778, 0.090611476, 0.079798433, 0.071360593, 0.064743639, 0.059405545, 0.055020719, 0.051295441, 0.048099519, 0.045406823, 0.042931453, 0.040737708, 0.038807667, 0.037034727, 0.035429724, 0.033930848, 0.032558691, 0.031315792, 0.030148755, 0.029081649, 0.028088673, 0.027173906, 0.026308465, 0.02552599, 0.024748799, 0.024013671, 0.023334488, 0.022702107, 0.022068306, 0.021470419, 0.020890437, 0.020309287, 0.019789339]
