Flavour index: 1
Scale: 5
Bjorken x: 0.1
qT: [0.001, 0.01, 0.1, 1, 1.5, 2, 2.5, 3, 3.5, 4, 4.5, 5, 5.5, 6, 6.5, 7, 7.5, 8, 8.5, 9, 9.5, 10, 10.5, 11, 11.5, 12, 12.5, 13, 13.5, 14, 14.5, 15, 15.5, 16, 16.5, 17, 17.5, 18, 18.5, 19, 19.5, 20]
TMD: [0.64706862, 0.64706771, 0.64453663, 0.44698607, 0.31409164, 0.22759, 0.17806817, 0.14587107, 0.12180206, 0.10344514, 0.089478677, 0.078857402, 0.070608711, 0.064170589, 0.058977336, 0.054703634, 0.051054966, 0.047911876, 0.045264764, 0.042815965, 0.040642998, 0.038733274, 0.036973752, 0.035379494, 0.0338872, 0.032518732, 0.031280805, 0.030116071, 0.029052601, 0.028061546, 0.02715095, 0.026288558, 0.025511919, 0.024735718, 0.024001404, 0.023324575, 0.022695441, 0.022061212, 0.021463357, 0.020882262, 0.020300885, 0.019780573]
