Flavour index: 1
Scale: 5
Bjorken x: 0.1
qT: [0.001, 0.01, 0.1, 1, 1.5, 2, 2.5, 3, 3.5, 4, 4.5, 5, 5.5, 6, 6.5, 7, 7.5, 8, 8.5, 9, 9.5, 10, 10.5, 11, 11.5, 12, 12.5, 13, 13.5, 14, 14.5, 15, 15.5, 16, 16.5, 17, 17.5, 18, 18.5, 19, 19.5, 20]
TMD: [0.64233975, 0.64221325, 0.63994686, 0.45049409, 0.31916062, 0.23045823, 0.17851191, 0.14539314, 0.12129207, 0.10303773, 0.089141102, 0.078582069, 0.070389657, 0.064000658, 0.058847767, 0.054607053, 0.050982605, 0.047857672, 0.045224854, 0.042785192, 0.040618545, 0.038713942, 0.036957824, 0.035366245, 0.033875816, 0.032508615, 0.031272044, 0.030108117, 0.029045569, 0.028055073, 0.027145363, 0.026283651, 0.025508126, 0.024732241, 0.023998189, 0.023321851, 0.022693345, 0.022059137, 0.021461362, 0.020880144, 0.020298775, 0.019778439]
