Flavour index: 1
Scale: 5
Bjorken x: 0.1
qT: [0.001, 0.01, 0.1, 1, 1.5, 2, 2.5, 3, 3.5, 4, 4.5, 5, 5.5, 6, 6.5, 7, 7.5, 8, 8.5, 9, 9.5, 10, 10.5, 11, 11.5, 12, 12.5, 13, 13.5, 14, 14.5, 15, 15.5, 16, 16.5, 17, 17.5, 18, 18.5, 19, 19.5, 20]
TMD: [0.57604776, 0.57593366, 0.57431446, 0.4276581, 0.31635662, 0.2330477, 0.18028804, 0.14648246, 0.12239779, 0.10414436, 0.09010625, 0.079367676, 0.071011057, 0.064472519, 0.05919945, 0.05486601, 0.051177011, 0.048006936, 0.045336374, 0.042874495, 0.040691142, 0.03877094, 0.037004607, 0.035404903, 0.03390943, 0.03253929, 0.031298883, 0.030133105, 0.029067782, 0.028075799, 0.027162978, 0.026298974, 0.025519134, 0.024742455, 0.024007748, 0.023329646, 0.022698729, 0.022064785, 0.021466947, 0.020886509, 0.020305283, 0.019785196]
