Flavour index: 1
Scale: 5
Bjorken x: 0.1
qT: [0.001, 0.01, 0.1, 1, 1.5, 2, 2.5, 3, 3.5, 4, 4.5, 5, 5.5, 6, 6.5, 7, 7.5, 8, 8.5, 9, 9.5, 10, 10.5, 11, 11.5, 12, 12.5, 13, 13.5, 14, 14.5, 15, 15.5, 16, 16.5, 17, 17.5, 18, 18.5, 19, 19.5, 20]
TMD: [0.58019475, 0.58007984, 0.57843355, 0.42963889, 0.31693804, 0.23288949, 0.1799663, 0.14623256, 0.12223374, 0.10403191, 0.090026175, 0.079311629, 0.07097232, 0.064446732, 0.059182722, 0.05485544, 0.051170071, 0.048002065, 0.045333117, 0.042871824, 0.040688831, 0.038769127, 0.037003033, 0.035403545, 0.033908151, 0.03253799, 0.031297695, 0.030131907, 0.029066684, 0.028074717, 0.027162073, 0.026298192, 0.025518656, 0.024741995, 0.024007302, 0.023329315, 0.02269857, 0.022064578, 0.021466723, 0.020886203, 0.020304949, 0.019784829]
