Flavour index: 1
Scale: 5
Bjorken x: 0.1
qT: [0.001, 0.01, 0.1, 1, 1.5, 2, 2.5, 3, 3.5, 4, 4.5, 5, 5.5, 6, 6.5, 7, 7.5, 8, 8.5, 9, 9.5, 10, 10.5, 11, 11.5, 12, 12.5, 13, 13.5, 14, 14.5, 15, 15.5, 16, 16.5, 17, 17.5, 18, 18.5, 19, 19.5, 20]
TMD: [0.5652147, 0.56522151, 0.56362829, 0.42692783, 0.32022685, 0.23717942, 0.18241544, 0.14690855, 0.12217163, 0.10381693, 0.089803341, 0.07909763, 0.070777288, 0.06427796, 0.059042102, 0.054742182, 0.051081513, 0.047934256, 0.045281872, 0.042832878, 0.040658742, 0.038745387, 0.036983897, 0.035387875, 0.033895119, 0.032527084, 0.031288506, 0.030124061, 0.029059913, 0.028068781, 0.027156836, 0.026293537, 0.025514542, 0.02473831, 0.024003977, 0.023326309, 0.022695862, 0.022062099, 0.021464439, 0.020884061, 0.020302935, 0.019782915]
