Flavour index: 1
Scale: 5
Bjorken x: 0.1
qT: [0.001, 0.01, 0.1, 1, 1.5, 2, 2.5, 3, 3.5, 4, 4.5, 5, 5.5, 6, 6.5, 7, 7.5, 8, 8.5, 9, 9.5, 10, 10.5, 11, 11.5, 12, 12.5, 13, 13.5, 14, 14.5, 15, 15.5, 16, 16.5, 17, 17.5, 18, 18.5, 19, 19.5, 20]
TMD: [0.6213177, 0.62131776, 0.618937, 0.43555978, 0.31577514, 0.23433314, 0.182168, 0.14685852, 0.12179788, 0.10335063, 0.089383089, 0.078761665, 0.070519347, 0.064087646, 0.058903854, 0.054642205, 0.051006761, 0.04787651, 0.045238736, 0.04279803, 0.040630354, 0.038723288, 0.036965827, 0.03537297, 0.033882013, 0.032514942, 0.03127781, 0.030113984, 0.02905093, 0.028060348, 0.027149705, 0.026287352, 0.02551023, 0.024734286, 0.024000189, 0.023323267, 0.022693866, 0.022059945, 0.021462281, 0.020881522, 0.020300313, 0.019780162]
