ifl: 2
Q: 1
z: 0.050000000000000003
P_p: [5.0000000000000004e-06, 5.0000000000000002e-05, 0.000125, 0.00025000000000000001, 0.00037500000000000001, 0.00050000000000000001, 0.001, 0.0015, 0.002, 0.0025000000000000005, 0.0030000000000000001, 0.0035000000000000005, 0.0040000000000000001, 0.0044999999999999997, 0.005000000000000001, 0.0055000000000000005, 0.0060000000000000001, 0.0065000000000000006, 0.007000000000000001, 0.0074999999999999997, 0.0080000000000000002, 0.0085000000000000006, 0.0089999999999999993, 0.0095000000000000015, 0.010000000000000002, 0.011000000000000001, 0.012, 0.013000000000000001, 0.014000000000000002, 0.014999999999999999, 0.016, 0.017000000000000001, 0.017999999999999999, 0.019000000000000003, 0.020000000000000004, 0.022500000000000003, 0.025000000000000001, 0.027500000000000004, 0.029999999999999999, 0.032500000000000001, 0.034999999999999996, 0.040000000000000008, 0.045000000000000005, 0.050000000000000003]
z * D1(z, P_p, Q): [0.037285699999999998, 0.037286399999999997, 0.037420299999999997, 0.0372836, 0.037296099999999999, 0.037307300000000002, 0.037364799999999997, 0.037463400000000001, 0.037601299999999997, 0.037778500000000041, 0.037995099999999997, 0.038251, 0.038546200000000003, 0.0388808, 0.039254600000000105, 0.039667800000000003, 0.040120099999999999, 0.040611700000000001, 0.041142499999999999, 0.041709099999999999, 0.042290700000000001, 0.042969500000000001, 0.043656599999999997, 0.044382800000000187, 0.045147900000000109, 0.046794700000000002, 0.0486008, 0.050554000000000002, 0.052664700000000002, 0.054929600000000002, 0.057347599999999999, 0.059918300000000001, 0.062640600000000005, 0.065515000000000281, 0.068539700000000148, 0.076754900000000001, 0.085894300000000007, 0.095943399999999998, 0.106887, 0.118709, 0.13139000000000001, 0.15925399999999992, 0.19030900000000001, 0.22436700000000001]
