ifl: 2
Q: 10
z: 0.050000000000000003
P_p: [5.0000000000000002e-05, 0.00050000000000000001, 0.0012500000000000002, 0.0025000000000000005, 0.0037499999999999999, 0.005000000000000001, 0.010000000000000002, 0.014999999999999999, 0.020000000000000004, 0.025000000000000001, 0.029999999999999999, 0.035000000000000003, 0.040000000000000008, 0.044999999999999998, 0.050000000000000003, 0.055000000000000007, 0.059999999999999998, 0.065000000000000002, 0.070000000000000007, 0.075000000000000011, 0.080000000000000016, 0.08500000000000002, 0.089999999999999997, 0.095000000000000001, 0.10000000000000001, 0.11000000000000001, 0.12, 0.13, 0.14000000000000001, 0.15000000000000002, 0.16000000000000003, 0.17000000000000004, 0.17999999999999999, 0.19, 0.20000000000000001, 0.22500000000000001, 0.25, 0.27500000000000002, 0.30000000000000004, 0.32500000000000001, 0.35000000000000003, 0.40000000000000002, 0.45000000000000001, 0.5]
z * D1(z, P_p, Q): [1.3445800000000001, 1.34291, 1.3422300000000003, 1.3412300000000006, 1.3444799999999999, 1.3459700000000003, 1.3492800000000009, 1.35501, 1.3680600000000016, 1.38141, 1.3986499999999999, 1.42058, 1.4416200000000037, 1.4696899999999999, 1.4974499999999999, 1.5279600000000038, 1.55853, 1.5943400000000001, 1.63123, 1.6680300000000083, 1.7079900000000088, 1.7476600000000091, 1.78783, 1.82996, 1.87178, 1.9562800000000051, 2.0395699999999999, 2.1183100000000001, 2.19272, 2.2611100000000119, 2.3207800000000116, 2.3706100000000121, 2.41099, 2.4409900000000002, 2.4577399999999998, 2.4501599999999999, 2.36937, 2.2249699999999999, 2.0312000000000072, 1.8048200000000001, 1.5644, 1.09385, 0.70338599999999996, 0.42206500000000002]
