ifl: 2
Q: 4.75
z: 0.055
P_p: [2.6125000000000001e-05, 0.00026124999999999998, 0.00065312500000000006, 0.0013062500000000001, 0.0019593749999999997, 0.0026125000000000002, 0.0052250000000000005, 0.007837499999999999, 0.010450000000000001, 0.013062500000000001, 0.015674999999999998, 0.018287500000000002, 0.020900000000000002, 0.023512499999999999, 0.026125000000000002, 0.028737499999999999, 0.031349999999999996, 0.0339625, 0.036575000000000003, 0.0391875, 0.041800000000000004, 0.044412500000000008, 0.047024999999999997, 0.049637500000000001, 0.052250000000000005, 0.057474999999999998, 0.062699999999999992, 0.067924999999999999, 0.073150000000000007, 0.078375, 0.083600000000000008, 0.088825000000000015, 0.094049999999999995, 0.099275000000000002, 0.10450000000000001, 0.11756250000000001, 0.13062499999999999, 0.14368750000000002, 0.15675, 0.16981250000000001, 0.18287499999999998, 0.20900000000000002, 0.23512500000000003, 0.26124999999999998]
z * D1(z, P_p, Q): [0.94180900000000001, 0.94275500000000001, 0.94214700000000018, 0.94042900000000051, 0.94299999999999995, 0.94334800000000019, 0.94291500000000061, 0.94521699999999997, 0.95003200000000121, 0.95586000000000004, 0.96174000000000004, 0.96796899999999997, 0.97797200000000239, 0.98556900000000003, 0.99692000000000003, 1.00763, 1.0199, 1.03304, 1.0477000000000001, 1.06318, 1.0782100000000054, 1.0959700000000001, 1.1133, 1.13141, 1.15208, 1.19252, 1.2352700000000001, 1.28207, 1.3315999999999999, 1.38117, 1.4345400000000075, 1.4866299999999999, 1.5410600000000001, 1.59588, 1.6501999999999999, 1.78756, 1.91882, 2.0383300000000002, 2.14499, 2.2327699999999999, 2.3003300000000002, 2.3659400000000002, 2.3383799999999999, 2.2234099999999999]
