ifl: 2
Q: 4.75
z: 0.047
P_p: [2.2325000000000001e-05, 0.00022325000000000001, 0.00055812500000000003, 0.0011162500000000001, 0.0016743749999999999, 0.0022325000000000001, 0.0044650000000000002, 0.0066974999999999995, 0.0089300000000000004, 0.011162500000000001, 0.013394999999999999, 0.015627500000000003, 0.017860000000000001, 0.020092499999999999, 0.022325000000000001, 0.024557499999999999, 0.026789999999999998, 0.029022500000000003, 0.031255000000000005, 0.033487500000000003, 0.035720000000000002, 0.037952500000000007, 0.040184999999999998, 0.042417499999999997, 0.044650000000000002, 0.049114999999999999, 0.053579999999999996, 0.058045000000000006, 0.06251000000000001, 0.066975000000000007, 0.071440000000000003, 0.075905000000000014, 0.080369999999999997, 0.084834999999999994, 0.089300000000000004, 0.10046250000000001, 0.111625, 0.12278750000000001, 0.13395000000000001, 0.14511250000000001, 0.156275, 0.17860000000000001, 0.20092500000000002, 0.22325]
z * D1(z, P_p, Q): [0.85477800000000004, 0.85646800000000001, 0.85480699999999998, 0.85358000000000001, 0.85559099999999999, 0.85683600000000004, 0.85573299999999997, 0.85760000000000003, 0.86160599999999998, 0.86655700000000002, 0.87101499999999998, 0.87609600000000221, 0.88457300000000005, 0.89041199999999998, 0.90015599999999996, 0.90887600000000002, 0.91921600000000003, 0.92979999999999996, 0.9421220000000049, 0.95479000000000003, 0.96700299999999995, 0.98188500000000001, 0.99640700000000004, 1.0114000000000001, 1.0289999999999999, 1.0627200000000001, 1.09903, 1.13917, 1.182320000000006, 1.22512, 1.2725500000000001, 1.3188899999999999, 1.36815, 1.41828, 1.46872, 1.60053, 1.73302, 1.8615299999999999, 1.9861200000000001, 2.1007500000000001, 2.2042099999999998, 2.36591, 2.4592000000000001, 2.4763000000000002]
