ifl: 2
Q: 1
z: 0.55000000000000004
P_p: [5.5000000000000009e-05, 0.00055000000000000003, 0.0013750000000000001, 0.0027500000000000003, 0.0041250000000000002, 0.0055000000000000005, 0.011000000000000001, 0.016500000000000001, 0.022000000000000002, 0.027500000000000004, 0.033000000000000002, 0.038500000000000006, 0.044000000000000004, 0.049500000000000002, 0.055000000000000007, 0.060500000000000005, 0.066000000000000003, 0.071500000000000008, 0.077000000000000013, 0.082500000000000004, 0.088000000000000009, 0.093500000000000014, 0.099000000000000005, 0.10450000000000001, 0.11000000000000001, 0.12100000000000001, 0.13200000000000001, 0.14300000000000002, 0.15400000000000003, 0.16500000000000001, 0.17600000000000002, 0.18700000000000003, 0.19800000000000001, 0.20900000000000002, 0.22000000000000003, 0.24750000000000003, 0.27500000000000002, 0.30250000000000005, 0.33000000000000002, 0.35750000000000004, 0.38500000000000001, 0.44000000000000006, 0.49500000000000005, 0.55000000000000004]
z * D1(z, P_p, Q): [0.31632900000000003, 0.31633099999999997, 0.31633699999999998, 0.316359, 0.31639499999999998, 0.31644600000000001, 0.31679200000000002, 0.31736300000000001, 0.31814799999999999, 0.31913399999999997, 0.320303, 0.321635, 0.323106, 0.32468999999999998, 0.32635999999999998, 0.32808500000000002, 0.32983299999999999, 0.33157399999999998, 0.33327299999999999, 0.334899, 0.33642100000000003, 0.337806, 0.33902599999999999, 0.34005200000000002, 0.34085900000000002, 0.341725, 0.34146799999999999, 0.33998099999999998, 0.337204, 0.33312999999999998, 0.327793, 0.32127299999999998, 0.31368200000000002, 0.30515500000000001, 0.29584899999999997, 0.27024500000000001, 0.243231, 0.21674499999999999, 0.19198200000000001, 0.16945399999999999, 0.149198, 0.114632, 0.086440400000000001, 0.063498399999999997]
