ifl: 2
Q: 2.5298219999999998
z: 0.044999999999999998
P_p: [1.1384198999999999e-05, 0.00011384198999999998, 0.00028460497499999999, 0.00056920994999999999, 0.00085381492499999982, 0.0011384199, 0.0022768398, 0.0034152596999999993, 0.0045536795999999999, 0.0056920994999999997, 0.0068305193999999986, 0.0079689393000000001, 0.0091073591999999998, 0.0102457791, 0.011384198999999999, 0.012522618899999999, 0.013661038799999997, 0.014799458699999999, 0.0159378786, 0.017076298499999996, 0.0182147184, 0.019353138299999999, 0.020491558199999999, 0.021629978099999995, 0.022768397999999999, 0.025045237799999998, 0.027322077599999994, 0.029598917399999997, 0.0318757572, 0.034152596999999993, 0.036429436799999999, 0.038706276599999999, 0.040983116399999998, 0.043259956199999991, 0.045536795999999997, 0.051228895499999996, 0.056920994999999995, 0.062613094500000008, 0.068305193999999986, 0.073997293499999992, 0.079689392999999983, 0.091073591999999995, 0.10245779099999999, 0.11384198999999999]
z * D1(z, P_p, Q): [0.35138547912164497, 0.35146248161062954, 0.35108348236223824, 0.35024348438786784, 0.35128548121492748, 0.35050650185510523, 0.35161646766488402, 0.35281048265444392, 0.35355047223560593, 0.35369550143126588, 0.35529349119958514, 0.35719548267156143, 0.3587904994171936, 0.3620724790430449, 0.36441950312768928, 0.36682449829947034, 0.37022350112950492, 0.37343651664758187, 0.37640453416073677, 0.38009253036611562, 0.38443253658151566, 0.38933652441765049, 0.39383654878326346, 0.39792855857232179, 0.40344155572455909, 0.4140055738034048, 0.4262555911891911, 0.43918961017660046, 0.4527536385819354, 0.46766965421595375, 0.48309568465128766, 0.49973570744207968, 0.51750673246605505, 0.53567475391119213, 0.554885780284184, 0.60591285846690701, 0.661926929980033, 0.72232301451370384, 0.78607709673161796, 0.85362418114224214, 0.92393025558646702, 1.0709314190259518, 1.2233615591174076, 1.3770416626916042]
