ifl: 2
Q: 2.5298219999999998
z: 0.047
P_p: [1.1890163399999999e-05, 0.00011890163399999999, 0.00029725408499999998, 0.00059450816999999997, 0.00089176225499999989, 0.0011890163399999999, 0.0023780326799999999, 0.0035670490199999996, 0.0047560653599999997, 0.0059450816999999994, 0.0071340980399999991, 0.0083231143800000015, 0.0095121307199999994, 0.010701147059999999, 0.011890163399999999, 0.013079179739999999, 0.014268196079999998, 0.01545721242, 0.016646228760000003, 0.017835245099999997, 0.019024261439999999, 0.02021327778, 0.021402294119999998, 0.022591310459999996, 0.023780326799999998, 0.026158359479999997, 0.028536392159999997, 0.030914424839999999, 0.033292457520000006, 0.035670490199999995, 0.038048522879999998, 0.040426555560000001, 0.042804588239999997, 0.045182620919999993, 0.047560653599999995, 0.053505735299999996, 0.059450816999999996, 0.06539589870000001, 0.07134098039999999, 0.077286062099999997, 0.08323114379999999, 0.095121307199999991, 0.10701147059999999, 0.11890163399999999]
z * D1(z, P_p, Q): [0.37715449569792825, 0.37724949868056201, 0.37678849963693506, 0.37577250199535084, 0.37702549819863318, 0.37607652314067835, 0.37736448172910186, 0.37872049968964672, 0.37948948687033052, 0.37950452188774625, 0.3812385092130165, 0.38330749847107298, 0.38496851823997258, 0.38863349310581663, 0.39113152164876946, 0.39366451518994106, 0.39736451787952848, 0.40080353588691242, 0.40391155623542191, 0.40785455074905108, 0.41254855732379375, 0.41789154162573605, 0.42270957001575343, 0.4269995807265729, 0.43297057612265732, 0.44425259539584416, 0.45743161363722923, 0.47129863361517405, 0.48578866468285203, 0.50177368011881252, 0.51823871321681425, 0.53603373685511047, 0.55506076298772744, 0.57443278452088609, 0.5949308118403227, 0.64922189405620367, 0.70872796694413209, 0.77273705445833607, 0.84003613815240663, 0.91117722349243102, 0.98494029586487897, 1.1381914561350626, 1.2956115863661846, 1.4525216725214807]
