ifl: 2
Q: 2.5298219999999998
z: 0.55000000000000004
P_p: [0.00013914021, 0.0013914021, 0.0034785052500000001, 0.0069570105000000002, 0.010435515749999999, 0.013914021, 0.027828042000000001, 0.041742062999999996, 0.055656084000000001, 0.069570105000000007, 0.083484125999999992, 0.097398147000000018, 0.111312168, 0.12522618899999999, 0.13914021000000001, 0.15305423099999999, 0.16696825199999998, 0.18088227300000001, 0.19479629400000004, 0.20871031500000001, 0.22262433600000001, 0.236538357, 0.25045237799999998, 0.26436639899999997, 0.27828042000000003, 0.30610846199999997, 0.33393650399999997, 0.36176454600000002, 0.38959258800000007, 0.41742063000000001, 0.44524867200000001, 0.47307671400000001, 0.50090475599999995, 0.52873279799999995, 0.55656084000000006, 0.62613094499999999, 0.69570105000000004, 0.76527115500000009, 0.83484126000000003, 0.90441136500000008, 0.9739814699999999, 1.1131216800000001, 1.25226189, 1.3914021000000001]
z * D1(z, P_p, Q): [0.26063489955376989, 0.26062989945576648, 0.26063189943817872, 0.26062289931730592, 0.26052089937234896, 0.26045689855734228, 0.25979589914690698, 0.25871789763976388, 0.25724889663190514, 0.25539889388525422, 0.25310489218181464, 0.25041789008284671, 0.24736888683238056, 0.24390188462638093, 0.24012588063838691, 0.23601987750930647, 0.23156987395893264, 0.22683586990241542, 0.22184186571472467, 0.21657486228426981, 0.21105985853084727, 0.20532285551993298, 0.19942185138621807, 0.19338284791046809, 0.18716384512222548, 0.17445583947002707, 0.16146883510361115, 0.14842683212530219, 0.13550583041674233, 0.12283983079617902, 0.11059683228302504, 0.098866035617628467, 0.087743040321601462, 0.077321246456601003, 0.067623553535805334, 0.046725174402694004, 0.030473198192507593, 0.018402021528394881, 0.0098429329585504339, 0.0040223010853244244, 0.00026575680348992414, -0.0033053860803133914, -0.0041872180853022188, -0.0040707051839783057]
