ifl: 2
Q: 4.75
z: 0.55000000000000004
P_p: [0.00026125000000000003, 0.0026125000000000002, 0.0065312500000000006, 0.013062500000000001, 0.01959375, 0.026125000000000002, 0.052250000000000005, 0.078375, 0.10450000000000001, 0.13062500000000002, 0.15675, 0.18287500000000004, 0.20900000000000002, 0.235125, 0.26125000000000004, 0.28737499999999999, 0.3135, 0.33962500000000007, 0.36575000000000008, 0.39187500000000003, 0.41800000000000004, 0.4441250000000001, 0.47025, 0.49637500000000001, 0.52250000000000008, 0.57474999999999998, 0.627, 0.67925000000000013, 0.73150000000000015, 0.78375000000000006, 0.83600000000000008, 0.88825000000000021, 0.9405, 0.99275000000000002, 1.0450000000000002, 1.1756250000000001, 1.3062500000000001, 1.4368750000000003, 1.5675000000000001, 1.6981250000000001, 1.8287500000000001, 2.0900000000000003, 2.3512500000000003, 2.6125000000000003]
z * D1(z, P_p, Q): [0.185083, 0.18510299999999999, 0.18504200000000001, 0.18499199999999999, 0.18481800000000001, 0.18466399999999999, 0.18335399999999999, 0.1812, 0.17820900000000001, 0.17444399999999999, 0.16994200000000001, 0.164796, 0.159026, 0.152749, 0.14602399999999999, 0.138937, 0.131575, 0.123998, 0.116316, 0.108584, 0.100901, 0.0933113, 0.085900699999999997, 0.078700000000000006, 0.071757000000000001, 0.058812499999999997, 0.047304699999999998, 0.037296299999999998, 0.0288115, 0.021762, 0.0160427, 0.0114962, 0.0079419799999999995, 0.0052142100000000004, 0.0031681600000000002, 0.00012484799999999999, -0.0011699900000000001, -0.00166938, -0.0018425200000000001, -0.00188456, -0.00186808, -0.0017384900000000001, -0.00152115, -0.00125384]
