ifl: 2
Q: 1
z: 0.45000000000000001
P_p: [4.5000000000000003e-05, 0.00045000000000000004, 0.0011250000000000001, 0.0022500000000000003, 0.003375, 0.0045000000000000005, 0.0090000000000000011, 0.0135, 0.018000000000000002, 0.022500000000000003, 0.027, 0.031500000000000007, 0.036000000000000004, 0.040500000000000001, 0.045000000000000005, 0.049500000000000002, 0.053999999999999999, 0.058500000000000003, 0.063000000000000014, 0.067500000000000004, 0.072000000000000008, 0.076500000000000012, 0.081000000000000003, 0.085500000000000007, 0.090000000000000011, 0.099000000000000005, 0.108, 0.11700000000000001, 0.12600000000000003, 0.13500000000000001, 0.14400000000000002, 0.15300000000000002, 0.16200000000000001, 0.17100000000000001, 0.18000000000000002, 0.20250000000000001, 0.22500000000000001, 0.24750000000000003, 0.27000000000000002, 0.29250000000000004, 0.315, 0.36000000000000004, 0.40500000000000003, 0.45000000000000001]
z * D1(z, P_p, Q): [0.32712999999999998, 0.32713100000000001, 0.32713900000000001, 0.32716600000000001, 0.32721099999999997, 0.32727400000000001, 0.327706, 0.32842199999999999, 0.32941599999999999, 0.33067999999999997, 0.33220499999999997, 0.33397800000000083, 0.33598499999999998, 0.33821000000000001, 0.34063599999999999, 0.34324300000000002, 0.34601100000000001, 0.34891699999999998, 0.35194000000000175, 0.35505500000000001, 0.358238, 0.36146299999999998, 0.36470599999999997, 0.36794199999999999, 0.37114399999999997, 0.37735099999999999, 0.38313399999999997, 0.38831199999999999, 0.39272300000000199, 0.39622600000000002, 0.398702, 0.400063, 0.40024599999999999, 0.39921699999999999, 0.39696900000000002, 0.38619900000000001, 0.36888500000000002, 0.34654000000000001, 0.32096400000000003, 0.29392499999999999, 0.266932, 0.21714, 0.17580299999999999, 0.14266999999999999]
