ifl: 2
Q: 4.75
z: 0.46999999999999997
P_p: [0.00022324999999999998, 0.0022324999999999997, 0.0055812499999999994, 0.011162499999999999, 0.016743749999999998, 0.022324999999999998, 0.044649999999999995, 0.066974999999999993, 0.08929999999999999, 0.111625, 0.13394999999999999, 0.156275, 0.17859999999999998, 0.20092499999999999, 0.22325, 0.24557499999999996, 0.26789999999999997, 0.29022500000000001, 0.31254999999999999, 0.33487499999999998, 0.35719999999999996, 0.379525, 0.40184999999999998, 0.42417499999999997, 0.44650000000000001, 0.49114999999999992, 0.53579999999999994, 0.58045000000000002, 0.62509999999999999, 0.66974999999999996, 0.71439999999999992, 0.75905, 0.80369999999999997, 0.84834999999999994, 0.89300000000000002, 1.0046250000000001, 1.11625, 1.227875, 1.3394999999999999, 1.4511249999999998, 1.5627499999999999, 1.786, 2.0092500000000002, 2.2324999999999999]
z * D1(z, P_p, Q): [0.24509900000000001, 0.24515200000000001, 0.24504100000000001, 0.245033, 0.244815, 0.24471399999999999, 0.243423, 0.24130499999999999, 0.23832700000000001, 0.23456399999999999, 0.230022, 0.22481300000000001, 0.21887899999999999, 0.21237400000000001, 0.20530999999999999, 0.19776199999999999, 0.18981400000000001, 0.181479, 0.172906, 0.16411100000000001, 0.15523100000000001, 0.146285, 0.13739899999999999, 0.128584, 0.119903, 0.103202, 0.087692800000000001, 0.073522500000000005, 0.060868800000000001, 0.049731200000000003, 0.040120700000000002, 0.031946500000000003, 0.025061400000000001, 0.0193323, 0.0146439, 0.0064794199999999996, 0.0019253, -0.00047762199999999997, -0.00170127, -0.0023120800000000002, -0.0026113600000000001, -0.0027664199999999999, -0.0026053700000000001, -0.0022586699999999999]
