ifl: 2
Q: 1
z: 0.055
P_p: [5.5000000000000007e-06, 5.5000000000000002e-05, 0.00013750000000000001, 0.00027500000000000002, 0.0004125, 0.00055000000000000003, 0.0011000000000000001, 0.00165, 0.0022000000000000001, 0.0027500000000000003, 0.0033, 0.0038500000000000006, 0.0044000000000000003, 0.0049499999999999995, 0.0055000000000000005, 0.0060499999999999998, 0.0066, 0.0071500000000000001, 0.0077000000000000011, 0.0082500000000000004, 0.0088000000000000005, 0.0093500000000000007, 0.0098999999999999991, 0.010450000000000001, 0.011000000000000001, 0.0121, 0.0132, 0.0143, 0.015400000000000002, 0.016500000000000001, 0.017600000000000001, 0.018700000000000001, 0.019799999999999998, 0.020900000000000002, 0.022000000000000002, 0.024750000000000001, 0.0275, 0.030250000000000003, 0.033000000000000002, 0.035750000000000004, 0.0385, 0.044000000000000004, 0.049500000000000002, 0.055]
z * D1(z, P_p, Q): [0.046303700000000003, 0.0463036, 0.046233200000000002, 0.046299399999999998, 0.0463212, 0.0463282, 0.046401299999999999, 0.046523399999999999, 0.0466945, 0.046914499999999998, 0.0471834, 0.047501000000000002, 0.0478675, 0.048282800000000001, 0.0487468, 0.049259499999999998, 0.049820900000000001, 0.050430999999999997, 0.051089599999999999, 0.051779400000000003, 0.052560900000000001, 0.053356399999999998, 0.054208899999999997, 0.055109600000000238, 0.0560586, 0.058101, 0.060334499999999999, 0.062760200000000002, 0.065377599999999994, 0.068183800000000003, 0.071179099999999995, 0.074362499999999998, 0.077733099999999999, 0.081289700000000353, 0.085031399999999993, 0.095187999999999995, 0.106475, 0.11887200000000001, 0.132355, 0.146899, 0.16247700000000001, 0.19661799999999999, 0.23452600000000001, 0.27592299999999997]
