ifl: 2
Q: 10
z: 0.047
P_p: [4.7000000000000004e-05, 0.00046999999999999999, 0.001175, 0.0023500000000000001, 0.0035249999999999999, 0.0047000000000000002, 0.0094000000000000004, 0.0141, 0.018800000000000001, 0.0235, 0.028199999999999999, 0.032900000000000006, 0.037600000000000001, 0.042299999999999997, 0.047, 0.051700000000000003, 0.056399999999999999, 0.061100000000000002, 0.065800000000000011, 0.070500000000000007, 0.075200000000000003, 0.079900000000000013, 0.084599999999999995, 0.08929999999999999, 0.094, 0.10340000000000001, 0.1128, 0.1222, 0.13160000000000002, 0.14100000000000001, 0.15040000000000001, 0.15980000000000003, 0.16919999999999999, 0.17859999999999998, 0.188, 0.21149999999999999, 0.23499999999999999, 0.25850000000000001, 0.28200000000000003, 0.30549999999999999, 0.32900000000000001, 0.376, 0.42299999999999999, 0.46999999999999997]
z * D1(z, P_p, Q): [1.3235600000000001, 1.32159, 1.32077, 1.31993, 1.32304, 1.32453, 1.32772, 1.3329800000000001, 1.3452900000000001, 1.3579600000000001, 1.37422, 1.39513, 1.4149499999999999, 1.4416899999999999, 1.4681200000000001, 1.4972500000000037, 1.5265599999999999, 1.5610599999999999, 1.5966199999999999, 1.6322900000000085, 1.6711400000000001, 1.70997, 1.7494400000000001, 1.79108, 1.8327, 1.9176500000000052, 2.0027400000000002, 2.0848300000000002, 2.1642600000000001, 2.2394300000000116, 2.30768, 2.3678699999999999, 2.4203100000000002, 2.4639700000000002, 2.49579, 2.5305499999999999, 2.4952999999999999, 2.3948999999999998, 2.2392100000000084, 2.0415199999999998, 1.8184, 1.34748, 0.92049400000000003, 0.58600600000000003]
