ifl: 2
Q: 2.5298219999999998
z: 0.46999999999999997
P_p: [0.00011890163399999998, 0.0011890163399999997, 0.0029725408499999997, 0.0059450816999999994, 0.0089176225499999987, 0.011890163399999999, 0.023780326799999998, 0.035670490199999995, 0.047560653599999995, 0.059450816999999996, 0.07134098039999999, 0.083231143800000004, 0.095121307199999991, 0.10701147059999999, 0.11890163399999999, 0.13079179739999999, 0.14268196079999998, 0.15457212419999999, 0.16646228760000001, 0.17835245099999997, 0.19024261439999998, 0.20213277779999997, 0.21402294119999998, 0.22591310459999997, 0.23780326799999998, 0.26158359479999999, 0.28536392159999996, 0.30914424839999999, 0.33292457520000002, 0.35670490199999993, 0.38048522879999996, 0.40426555559999994, 0.42804588239999997, 0.45182620919999994, 0.47560653599999997, 0.5350573529999999, 0.59450816999999989, 0.65395898699999999, 0.71340980399999987, 0.77286062099999997, 0.83231143799999985, 0.95121307199999994, 1.0701147059999998, 1.1890163399999998]
z * D1(z, P_p, Q): [0.32333690727667785, 0.32332790707535131, 0.32335090700123376, 0.32338690682174548, 0.32325290698909703, 0.3232449052228748, 0.32267290731611969, 0.32176990502527414, 0.32058290431841613, 0.31912290003017685, 0.31722589849259908, 0.3149868964338175, 0.31245489199405441, 0.30947489019783436, 0.30626088451088179, 0.30273788085148462, 0.29883487635632811, 0.29465687063321, 0.29021586456992327, 0.28544386011887957, 0.28035885476863187, 0.27497985088766552, 0.26939984407223744, 0.26363583850038941, 0.2575568340574203, 0.2449098238342553, 0.23156281465818004, 0.21776780668064638, 0.20370779956900004, 0.18950179524871746, 0.17538579165877144, 0.16145879059516796, 0.14786479125640214, 0.13477979398733944, 0.12224379796781107, 0.093841712786380774, 0.069915633929050397, 0.050434756881988015, 0.035045780728130124, 0.023129203607822293, 0.014157325499527999, 0.0029176499625142818, -0.0023899467807165006, -0.0044480131286532944]
