ifl: 2
Q: 1
z: 0.5
P_p: [5.0000000000000002e-05, 0.00050000000000000001, 0.00125, 0.0025000000000000001, 0.0037499999999999999, 0.0050000000000000001, 0.01, 0.014999999999999999, 0.02, 0.025000000000000001, 0.029999999999999999, 0.035000000000000003, 0.040000000000000001, 0.044999999999999998, 0.050000000000000003, 0.055, 0.059999999999999998, 0.065000000000000002, 0.070000000000000007, 0.074999999999999997, 0.080000000000000002, 0.085000000000000006, 0.089999999999999997, 0.095000000000000001, 0.10000000000000001, 0.11, 0.12, 0.13, 0.14000000000000001, 0.14999999999999999, 0.16, 0.17000000000000001, 0.17999999999999999, 0.19, 0.20000000000000001, 0.22500000000000001, 0.25, 0.27500000000000002, 0.29999999999999999, 0.32500000000000001, 0.34999999999999998, 0.40000000000000002, 0.45000000000000001, 0.5]
z * D1(z, P_p, Q): [0.31595200000000001, 0.31595299999999998, 0.31596000000000002, 0.31598399999999999, 0.316025, 0.316081, 0.316469, 0.31711099999999998, 0.317998, 0.31912200000000002, 0.32046799999999998, 0.32202199999999997, 0.323766, 0.32568000000000003, 0.32774199999999998, 0.32992700000000003, 0.33221200000000001, 0.33456900000000001, 0.33697100000000002, 0.33939000000000002, 0.34179900000000002, 0.344169, 0.346472, 0.34868199999999999, 0.35077000000000003, 0.35448499999999999, 0.357429, 0.35944300000000001, 0.36039900000000002, 0.360203, 0.35879899999999998, 0.35616599999999998, 0.35231899999999999, 0.347304, 0.341196, 0.32181999999999999, 0.29815199999999997, 0.27226499999999998, 0.246001, 0.22073200000000001, 0.19728699999999999, 0.15693299999999999, 0.12449300000000001, 0.098020800000000005]
