ifl: 2
Q: 1
z: 0.047
P_p: [4.6999999999999999e-06, 4.7000000000000004e-05, 0.0001175, 0.00023499999999999999, 0.0003525, 0.00046999999999999999, 0.00093999999999999997, 0.00141, 0.0018799999999999999, 0.0023500000000000001, 0.00282, 0.0032900000000000004, 0.0037599999999999999, 0.0042300000000000003, 0.0047000000000000002, 0.0051700000000000001, 0.00564, 0.00611, 0.0065800000000000008, 0.0070499999999999998, 0.0075199999999999998, 0.0079900000000000006, 0.0084600000000000005, 0.0089300000000000004, 0.0094000000000000004, 0.01034, 0.01128, 0.01222, 0.013160000000000002, 0.0141, 0.01504, 0.015980000000000001, 0.016920000000000001, 0.017860000000000001, 0.018800000000000001, 0.021150000000000002, 0.0235, 0.025850000000000001, 0.028199999999999999, 0.030550000000000001, 0.032899999999999999, 0.037600000000000001, 0.042300000000000004, 0.047]
z * D1(z, P_p, Q): [0.032369200000000001, 0.032369299999999997, 0.032461799999999999, 0.032398099999999999, 0.0323694, 0.032383000000000002, 0.032437399999999998, 0.032523099999999999, 0.032642699999999997, 0.032796600000000002, 0.032984699999999999, 0.033206899999999998, 0.033463300000000001, 0.033753800000000084, 0.034078400000000002, 0.034437200000000001, 0.03483, 0.035256999999999997, 0.035717899999999997, 0.0362578, 0.036736900000000003, 0.037304799999999999, 0.037901600000000181, 0.038532400000000001, 0.039197000000000003, 0.040627799999999999, 0.042191600000000003, 0.0438973, 0.045728600000000001, 0.047697299999999998, 0.049799400000000001, 0.052034499999999997, 0.054402200000000268, 0.056901599999999997, 0.059533099999999999, 0.066682700000000136, 0.074640799999999993, 0.083396700000000004, 0.092938699999999999, 0.103254, 0.114329, 0.13869600000000001, 0.16590999999999995, 0.195826]
