ifl: 2
Q: 4.75
z: 0.050000000000000003
P_p: [2.3750000000000001e-05, 0.0002375, 0.00059375000000000009, 0.0011875000000000002, 0.0017812499999999998, 0.0023750000000000004, 0.0047500000000000007, 0.0071249999999999994, 0.0095000000000000015, 0.011875000000000002, 0.014249999999999999, 0.016625000000000001, 0.019000000000000003, 0.021375000000000002, 0.023750000000000004, 0.026124999999999999, 0.028499999999999998, 0.030875000000000003, 0.033250000000000002, 0.035625000000000004, 0.038000000000000006, 0.040375000000000008, 0.042750000000000003, 0.045124999999999998, 0.047500000000000007, 0.052249999999999998, 0.056999999999999995, 0.061750000000000006, 0.066500000000000004, 0.071250000000000008, 0.076000000000000012, 0.080750000000000016, 0.085500000000000007, 0.090249999999999997, 0.095000000000000015, 0.10687500000000001, 0.11875000000000001, 0.13062500000000002, 0.14250000000000002, 0.15437500000000001, 0.16625000000000001, 0.19000000000000003, 0.21375000000000002, 0.23750000000000002]
z * D1(z, P_p, Q): [0.89114199999999999, 0.89251999999999998, 0.89130700000000018, 0.88984100000000055, 0.89212499999999995, 0.89297900000000019, 0.89212100000000061, 0.89414000000000005, 0.89846800000000115, 0.90375799999999995, 0.90876599999999996, 0.91425800000000002, 0.92333600000000238, 0.92981999999999998, 0.94017099999999998, 0.94963500000000001, 0.96068699999999996, 0.97225499999999998, 0.98546199999999995, 0.99921800000000005, 1.0125000000000051, 1.0284899999999999, 1.0440799999999999, 1.06027, 1.07907, 1.11541, 1.15422, 1.1970099999999999, 1.2427299999999999, 1.2882899999999999, 1.3382000000000069, 1.3869800000000001, 1.43851, 1.4907900000000001, 1.54311, 1.6782900000000001, 1.81189, 1.9388300000000001, 2.0587, 2.1653600000000002, 2.2574399999999986, 2.38672, 2.43669, 2.4037999999999999]
