ifl: 2
Q: 10
z: 0.46999999999999997
P_p: [0.00046999999999999999, 0.0047000000000000002, 0.01175, 0.0235, 0.035249999999999997, 0.047, 0.094, 0.14099999999999999, 0.188, 0.23499999999999999, 0.28199999999999997, 0.32900000000000001, 0.376, 0.42299999999999993, 0.46999999999999997, 0.51700000000000002, 0.56399999999999995, 0.61099999999999999, 0.65800000000000003, 0.70499999999999996, 0.752, 0.79900000000000004, 0.84599999999999986, 0.8929999999999999, 0.93999999999999995, 1.034, 1.1279999999999999, 1.222, 1.3160000000000001, 1.4099999999999999, 1.504, 1.5980000000000001, 1.6919999999999997, 1.7859999999999998, 1.8799999999999999, 2.1149999999999998, 2.3499999999999996, 2.585, 2.8199999999999998, 3.0549999999999997, 3.29, 3.7599999999999998, 4.2299999999999995, 4.6999999999999993]
z * D1(z, P_p, Q): [0.161913, 0.161831, 0.161743, 0.16159699999999999, 0.16123299999999999, 0.16078300000000001, 0.15773599999999999, 0.15271199999999999, 0.14591899999999999, 0.13772300000000001, 0.12831400000000001, 0.11808200000000001, 0.10734299999999999, 0.096409999999999996, 0.085630100000000001, 0.075229500000000199, 0.065451200000000001, 0.056383599999999999, 0.048127200000000002, 0.040789199999999998, 0.034293400000000002, 0.028687799999999999, 0.023868899999999998, 0.019771299999999999, 0.016334499999999998, 0.011068300000000022, 0.0074606200000000003, 0.0050032799999999997, 0.0032952599999999999, 0.0020750600000000001, 0.0011657799999999999, 0.00046582299999999997, -8.7336799999999994e-05, -0.00052073400000000002, -0.00085363699999999997, -0.0013460900000000001, -0.0014412100000000001, -0.0012934400000000001, -0.0010226899999999999, -0.00072887099999999997, -0.0004775689999999993, -0.00019790699999999999, -0.00016152699999999999, -0.000247462]
