ifl: 2
Q: 10
z: 0.044999999999999998
P_p: [4.4999999999999996e-05, 0.00044999999999999999, 0.0011249999999999999, 0.0022499999999999998, 0.003375, 0.0044999999999999997, 0.0089999999999999993, 0.0135, 0.017999999999999999, 0.022499999999999999, 0.027, 0.0315, 0.035999999999999997, 0.040499999999999994, 0.044999999999999998, 0.049500000000000002, 0.053999999999999999, 0.058499999999999996, 0.063, 0.067500000000000004, 0.071999999999999995, 0.076499999999999999, 0.080999999999999989, 0.085499999999999993, 0.089999999999999997, 0.099000000000000005, 0.108, 0.11699999999999999, 0.126, 0.13500000000000001, 0.14399999999999999, 0.153, 0.16199999999999998, 0.17099999999999999, 0.17999999999999999, 0.20249999999999999, 0.22499999999999998, 0.2475, 0.27000000000000002, 0.29249999999999998, 0.315, 0.35999999999999999, 0.40499999999999997, 0.44999999999999996]
z * D1(z, P_p, Q): [1.30738, 1.30524, 1.3043400000000001, 1.3036099999999999, 1.3066, 1.3080700000000001, 1.31121, 1.31616, 1.3279399999999999, 1.34015, 1.3557399999999999, 1.3758999999999999, 1.39489, 1.42066, 1.4461299999999999, 1.4742700000000037, 1.50265, 1.53616, 1.5706800000000001, 1.6054700000000082, 1.6433899999999999, 1.68147, 1.72028, 1.76135, 1.8025800000000001, 1.8872100000000049, 1.97281, 2.0563699999999998, 2.1383000000000001, 2.2171100000000115, 2.2901799999999999, 2.3563800000000001, 2.4160200000000001, 2.4680200000000001, 2.5092500000000002, 2.5713699999999999, 2.56711, 2.49838, 2.3721400000000088, 2.1990500000000002, 1.99377, 1.5350900000000001, 1.0921700000000001, 0.72449799999999998]
