ifl: 2
Q: 2.5298219999999998
z: 0.5
P_p: [0.00012649109999999999, 0.0012649109999999999, 0.0031622775, 0.0063245549999999999, 0.0094868324999999986, 0.01264911, 0.02529822, 0.037947329999999994, 0.050596439999999999, 0.063245549999999998, 0.075894659999999989, 0.088543770000000008, 0.10119288, 0.11384198999999999, 0.1264911, 0.13914020999999999, 0.15178931999999998, 0.16443843, 0.17708754000000002, 0.18973664999999998, 0.20238576, 0.21503486999999999, 0.22768397999999998, 0.24033308999999997, 0.25298219999999999, 0.27828041999999997, 0.30357863999999996, 0.32887685999999999, 0.35417508000000003, 0.37947329999999996, 0.40477152, 0.43006973999999998, 0.45536795999999996, 0.48066617999999994, 0.50596439999999998, 0.56920994999999996, 0.63245549999999995, 0.69570105000000004, 0.75894659999999992, 0.82219215000000001, 0.88543769999999988, 1.0119288, 1.1384198999999999, 1.2649109999999999]
z * D1(z, P_p, Q): [0.29539290426859205, 0.29538590411147292, 0.29539890406010466, 0.29541490391259473, 0.29529690401228148, 0.29526390269507419, 0.29465690409558604, 0.29368390216132229, 0.29238190130785663, 0.29076089771111163, 0.28870389608532915, 0.28628289400256068, 0.2835408900695538, 0.28036588806868518, 0.27692388314324085, 0.27316487970180997, 0.26904387561190796, 0.26464287060200437, 0.25997986536478446, 0.25501186132324566, 0.24975885667500389, 0.24424385314060088, 0.23854284748367405, 0.23267484282714004, 0.22655283905877499, 0.2139108307823222, 0.20074682366497759, 0.1873018178008356, 0.17375281296250758, 0.16022681059047306, 0.14692780908301742, 0.13395080979790194, 0.12141781203920335, 0.10946581608219827, 0.098130821208818927, 0.072865038225567891, 0.052105660281509002, 0.03566698353126304, 0.02309880684473441, 0.013748028465892881, 0.0070368181241260317, -0.00068358720825987933, -0.0037639764027318692, -0.0046097980033463675]
