ifl: 2
Q: 10
z: 0.55000000000000004
P_p: [0.00055000000000000003, 0.0055000000000000005, 0.013750000000000002, 0.027500000000000004, 0.041250000000000002, 0.055000000000000007, 0.11000000000000001, 0.16500000000000001, 0.22000000000000003, 0.27500000000000002, 0.33000000000000002, 0.38500000000000006, 0.44000000000000006, 0.495, 0.55000000000000004, 0.60500000000000009, 0.66000000000000003, 0.71500000000000008, 0.77000000000000013, 0.82500000000000007, 0.88000000000000012, 0.93500000000000016, 0.98999999999999999, 1.0449999999999999, 1.1000000000000001, 1.2100000000000002, 1.3200000000000001, 1.4300000000000002, 1.5400000000000003, 1.6500000000000001, 1.7600000000000002, 1.8700000000000003, 1.98, 2.0899999999999999, 2.2000000000000002, 2.4750000000000001, 2.75, 3.0250000000000004, 3.3000000000000003, 3.5750000000000002, 3.8500000000000005, 4.4000000000000004, 4.9500000000000002, 5.5]
z * D1(z, P_p, Q): [0.115463, 0.115423, 0.115357, 0.115199, 0.114883, 0.114468, 0.111663, 0.107114, 0.10105, 0.093811199999999997, 0.085675799999999996, 0.077014799999999994, 0.068154300000000001, 0.059392800000000003, 0.0510105, 0.043196600000000106, 0.036109599999999999, 0.029805499999999999, 0.0243167, 0.019655599999999999, 0.015740199999999999, 0.012533600000000001, 0.0099310400000000004, 0.0078460500000000002, 0.0061998399999999999, 0.0038877600000000075, 0.0024655499999999999, 0.0015661500000000001, 0.00095465000000000003, 0.00050620799999999996, 0.000154227, -0.00013036499999999999, -0.00036225899999999998, -0.00054507899999999996, -0.00068278800000000004, -0.00086507800000000003, -0.00085835399999999997, -0.00074194500000000004, -0.00057784899999999996, -0.00041436700000000001, -0.00028055700000000002, -0.00013357700000000001, -0.00010629900000000001, -0.00013604200000000001]
