ifl: 2
Q: 10
z: 0.45000000000000001
P_p: [0.00045000000000000004, 0.0045000000000000005, 0.011250000000000001, 0.022500000000000003, 0.033750000000000002, 0.045000000000000005, 0.090000000000000011, 0.13500000000000001, 0.18000000000000002, 0.22500000000000001, 0.27000000000000002, 0.31500000000000006, 0.36000000000000004, 0.40499999999999997, 0.45000000000000001, 0.49500000000000005, 0.54000000000000004, 0.58500000000000008, 0.63000000000000012, 0.67500000000000004, 0.72000000000000008, 0.76500000000000012, 0.80999999999999994, 0.85499999999999998, 0.90000000000000002, 0.9900000000000001, 1.0800000000000001, 1.1700000000000002, 1.2600000000000002, 1.3500000000000001, 1.4400000000000002, 1.5300000000000002, 1.6199999999999999, 1.71, 1.8, 2.0249999999999999, 2.25, 2.4750000000000001, 2.7000000000000002, 2.9250000000000003, 3.1499999999999999, 3.6000000000000001, 4.0499999999999998, 4.5]
z * D1(z, P_p, Q): [0.17794699999999999, 0.17785000000000001, 0.17775299999999999, 0.17761299999999999, 0.177234, 0.17677399999999999, 0.17365800000000001, 0.168494, 0.16148100000000001, 0.152999, 0.143203, 0.132491, 0.121175, 0.10957, 0.098045800000000002, 0.086838700000000213, 0.076217900000000005, 0.066278299999999998, 0.057140400000000001, 0.048940900000000002, 0.041601600000000002, 0.035198300000000002, 0.0296259, 0.024826500000000001, 0.0207473, 0.014368800000000029, 0.0098777099999999996, 0.0067434900000000004, 0.00452813, 0.0029341900000000001, 0.00174927, 0.00084414199999999998, 0.00013490099999999999, -0.00041826800000000001, -0.000843737, -0.00148543, -0.00164, -0.00149409, -0.0011910899999999999, -0.00085192000000000004, -0.00055746300000000001, -0.000226815, -0.00018547600000000001, -0.000291363]
