ifl: 2
Q: 10
z: 0.5
P_p: [0.00050000000000000001, 0.0050000000000000001, 0.012500000000000001, 0.025000000000000001, 0.037499999999999999, 0.050000000000000003, 0.10000000000000001, 0.14999999999999999, 0.20000000000000001, 0.25, 0.29999999999999999, 0.35000000000000003, 0.40000000000000002, 0.44999999999999996, 0.5, 0.55000000000000004, 0.59999999999999998, 0.65000000000000002, 0.70000000000000007, 0.75, 0.80000000000000004, 0.85000000000000009, 0.89999999999999991, 0.94999999999999996, 1, 1.1000000000000001, 1.2, 1.3, 1.4000000000000001, 1.5, 1.6000000000000001, 1.7000000000000002, 1.7999999999999998, 1.8999999999999999, 2, 2.25, 2.5, 2.75, 3, 3.25, 3.5, 4, 4.5, 5]
z * D1(z, P_p, Q): [0.14125299999999999, 0.14119000000000001, 0.14111199999999999, 0.14096, 0.14061799999999999, 0.140183, 0.137243, 0.13242899999999999, 0.12595500000000001, 0.118176, 0.109318, 0.099761000000000002, 0.089826000000000003, 0.079818899999999998, 0.070058300000000004, 0.060756000000000136, 0.052119800000000001, 0.044227299999999997, 0.037151999999999998, 0.030961599999999999, 0.0255804, 0.02102, 0.017177399999999999, 0.013977699999999999, 0.011351200000000001, 0.0074532300000000138, 0.0048921499999999996, 0.0032054399999999999, 0.0020541700000000001, 0.00123223, 0.00061160800000000003, 0.000125468, -0.00026419300000000002, -0.00057121899999999998, -0.00080605, -0.00114152, -0.0011803600000000001, -0.00104104, -0.00081609200000000003, -0.00058090400000000003, -0.00038350800000000002, -0.00016582500000000001, -0.000134492, -0.000195155]
