ifl: 2
Q: 4.75
z: 0.044999999999999998
P_p: [2.1374999999999998e-05, 0.00021374999999999999, 0.00053437500000000002, 0.00106875, 0.0016031249999999997, 0.0021375000000000001, 0.0042750000000000002, 0.0064124999999999989, 0.0085500000000000003, 0.010687500000000001, 0.012824999999999998, 0.0149625, 0.017100000000000001, 0.019237499999999998, 0.021375000000000002, 0.023512499999999999, 0.025649999999999996, 0.0277875, 0.029925, 0.032062500000000001, 0.034200000000000001, 0.036337500000000002, 0.038474999999999995, 0.040612499999999996, 0.042750000000000003, 0.047024999999999997, 0.051299999999999991, 0.055574999999999999, 0.05985, 0.064125000000000001, 0.068400000000000002, 0.072675000000000003, 0.076949999999999991, 0.081224999999999992, 0.085500000000000007, 0.096187500000000009, 0.106875, 0.11756250000000001, 0.12825, 0.13893749999999999, 0.14962499999999998, 0.17100000000000001, 0.19237500000000002, 0.21375]
z * D1(z, P_p, Q): [0.82812699999999995, 0.83002799999999999, 0.82806000000000002, 0.827013, 0.82881700000000003, 0.83033299999999999, 0.82908000000000004, 0.83085100000000001, 0.83463399999999999, 0.83935300000000002, 0.84344200000000003, 0.84825899999999999, 0.85632200000000003, 0.86174200000000001, 0.87107599999999996, 0.87930399999999997, 0.88917000000000002, 0.89909399999999995, 0.91081999999999996, 0.92275099999999999, 0.93425499999999995, 0.94837700000000003, 0.96218000000000004, 0.97636699999999998, 0.99313700000000005, 1.0250699999999999, 1.05966, 1.09795, 1.1392899999999999, 1.1801299999999999, 1.22576, 1.2703100000000001, 1.3178399999999999, 1.3663099999999999, 1.4152499999999999, 1.5440100000000001, 1.67476, 1.8031200000000001, 1.9294800000000001, 2.0479400000000001, 2.15741, 2.3377300000000001, 2.45757, 2.5070600000000001]
