ifl: 2
Q: 1
z: 0.46999999999999997
P_p: [4.6999999999999997e-05, 0.00046999999999999999, 0.001175, 0.0023500000000000001, 0.0035249999999999995, 0.0047000000000000002, 0.0094000000000000004, 0.014099999999999998, 0.018800000000000001, 0.0235, 0.028199999999999996, 0.032899999999999999, 0.037600000000000001, 0.042299999999999997, 0.047, 0.051699999999999996, 0.056399999999999992, 0.061100000000000002, 0.065799999999999997, 0.070499999999999993, 0.075200000000000003, 0.079899999999999999, 0.084599999999999995, 0.08929999999999999, 0.094, 0.10339999999999999, 0.11279999999999998, 0.1222, 0.13159999999999999, 0.14099999999999999, 0.15040000000000001, 0.1598, 0.16919999999999999, 0.17859999999999998, 0.188, 0.21149999999999999, 0.23499999999999999, 0.25850000000000001, 0.28199999999999997, 0.30549999999999999, 0.32899999999999996, 0.376, 0.42299999999999999, 0.46999999999999997]
z * D1(z, P_p, Q): [0.321961, 0.32196200000000003, 0.32196900000000001, 0.32199499999999998, 0.32203900000000002, 0.32209900000000002, 0.32251299999999999, 0.32319900000000001, 0.32415100000000002, 0.32535900000000001, 0.32681300000000002, 0.32849899999999999, 0.33040199999999997, 0.332505, 0.334787, 0.337229, 0.339808, 0.342501, 0.34528199999999998, 0.34812700000000002, 0.35100900000000002, 0.35390300000000002, 0.35678100000000001, 0.35961900000000002, 0.36238900000000002, 0.36762800000000001, 0.37230400000000002, 0.37624299999999999, 0.37929200000000002, 0.381326, 0.382247, 0.38198900000000002, 0.380519, 0.377832, 0.37395200000000001, 0.35941499999999998, 0.339117, 0.31486599999999998, 0.28856799999999999, 0.26191399999999998, 0.23618900000000001, 0.19037999999999999, 0.153197, 0.123297]
