ifl: 2
Q: 2.5298219999999998
z: 0.45000000000000001
P_p: [0.00011384198999999998, 0.0011384199, 0.0028460497499999998, 0.0056920994999999997, 0.0085381492499999982, 0.011384198999999999, 0.022768397999999999, 0.034152596999999993, 0.045536795999999997, 0.056920995000000002, 0.068305193999999986, 0.079689393000000011, 0.091073591999999995, 0.10245779099999999, 0.11384199, 0.12522618899999999, 0.13661038799999997, 0.14799458700000001, 0.15937878600000002, 0.17076298499999998, 0.18214718399999999, 0.193531383, 0.20491558199999999, 0.21629978099999997, 0.22768398000000001, 0.25045237799999998, 0.27322077599999994, 0.29598917400000002, 0.31875757200000004, 0.34152596999999996, 0.36429436799999998, 0.387062766, 0.40983116399999997, 0.43259956199999994, 0.45536796000000002, 0.51228895499999993, 0.56920994999999996, 0.62613094500000011, 0.68305193999999991, 0.73997293500000005, 0.79689392999999986, 0.91073592000000003, 1.0245779099999999, 1.1384198999999999]
z * D1(z, P_p, Q): [0.34432491013196403, 0.3443149098935519, 0.34434490980334448, 0.34439890957225994, 0.34425190981051024, 0.34426390769565018, 0.34371991035660793, 0.34287590776350457, 0.34178490721297922, 0.3404589023634722, 0.33869790092237084, 0.33661089894141621, 0.33425689410095411, 0.33144289248700382, 0.32842388622957497, 0.32510388246151434, 0.32139387767380906, 0.31741287138537311, 0.31316986471478186, 0.30857785996337883, 0.30365185411626455, 0.29840884998522671, 0.29295484226200291, 0.28730383601437309, 0.28129183105847849, 0.26871081929824941, 0.25528880852740471, 0.24128979888665925, 0.22689678994036935, 0.21222078411057627, 0.19752577882539268, 0.18291177639813441, 0.16854077580269178, 0.15461777757115996, 0.14119178069072211, 0.11046279398671277, 0.084200314682527297, 0.062496337536580106, 0.045056061673339115, 0.031260585118785073, 0.020599808119377984, 0.0065931657381011755, -0.00063986269545410277, -0.0038738188702280717]
