ifl: 2
Q: 10
z: 0.055
P_p: [5.5000000000000002e-05, 0.00055000000000000003, 0.0013750000000000001, 0.0027500000000000003, 0.0041250000000000002, 0.0055000000000000005, 0.011000000000000001, 0.016500000000000001, 0.022000000000000002, 0.0275, 0.033000000000000002, 0.038500000000000006, 0.044000000000000004, 0.049499999999999995, 0.055, 0.060500000000000005, 0.066000000000000003, 0.071500000000000008, 0.077000000000000013, 0.082500000000000004, 0.088000000000000009, 0.093500000000000014, 0.098999999999999991, 0.1045, 0.11, 0.12100000000000001, 0.13200000000000001, 0.14300000000000002, 0.15400000000000003, 0.16500000000000001, 0.17600000000000002, 0.18700000000000003, 0.19799999999999998, 0.20899999999999999, 0.22, 0.2475, 0.27500000000000002, 0.30249999999999999, 0.33000000000000002, 0.35749999999999998, 0.38500000000000001, 0.44, 0.495, 0.55000000000000004]
z * D1(z, P_p, Q): [1.3695900000000001, 1.36836, 1.3678900000000001, 1.36673, 1.3700699999999999, 1.37155, 1.37513, 1.3816900000000001, 1.3958200000000001, 1.4102699999999999, 1.4290099999999999, 1.45245, 1.4753799999999999, 1.5053099999999999, 1.5349999999999999, 1.5674400000000039, 1.5998300000000001, 1.6373, 1.67581, 1.7138899999999999, 1.75495, 1.7952600000000001, 1.8357300000000001, 1.8776600000000001, 1.91875, 2.0001300000000048, 2.0777100000000002, 2.1479599999999999, 2.2109200000000002, 2.2648299999999999, 2.30714, 2.3368799999999998, 2.3546499999999999, 2.3598400000000002, 2.3501599999999998, 2.2723100000000001, 2.1221999999999999, 1.9175899999999999, 1.6791100000000001, 1.4271799999999999, 1.1810799999999999, 0.74991200000000002, 0.438224, 0.241316]
