ifl: 2
Q: 2.5298219999999998
z: 0.050000000000000003
P_p: [1.264911e-05, 0.00012649109999999999, 0.00031622775000000002, 0.00063245550000000004, 0.00094868324999999995, 0.0012649110000000001, 0.0025298220000000001, 0.0037947329999999998, 0.0050596440000000003, 0.0063245549999999999, 0.0075894659999999996, 0.0088543770000000018, 0.010119288000000001, 0.011384198999999999, 0.01264911, 0.013914020999999999, 0.015178931999999999, 0.016443843, 0.017708754000000004, 0.018973665000000001, 0.020238576000000001, 0.021503487000000002, 0.022768397999999999, 0.024033308999999999, 0.02529822, 0.027828041999999997, 0.030357863999999998, 0.032887685999999999, 0.035417508000000007, 0.037947330000000001, 0.040477152000000002, 0.043006974000000003, 0.045536795999999997, 0.048066617999999998, 0.050596439999999999, 0.056920995000000002, 0.063245549999999998, 0.069570105000000007, 0.075894660000000003, 0.082219215000000012, 0.088543769999999994, 0.10119288, 0.11384199, 0.1264911]
z * D1(z, P_p, Q): [0.41440651506320864, 0.41452651872332896, 0.41395651990829435, 0.4127035227703752, 0.41424051813211366, 0.41306454887354599, 0.41459649775133961, 0.41618251966275993, 0.41700250366939923, 0.41685954656294583, 0.41879853055541139, 0.42111351690487664, 0.42289454076825694, 0.42710550925602203, 0.42984154384219586, 0.43258553523549587, 0.43673253778722843, 0.44052155920812358, 0.44386758342623672, 0.44820557568940234, 0.4534325828115332, 0.45942456241884422, 0.46473259626009289, 0.46935260826917574, 0.47600860140128992, 0.48839962242321522, 0.50298164194924189, 0.51826566333769453, 0.53417069816106533, 0.55177271343226797, 0.56981875026099182, 0.58935677513341533, 0.61026580283051512, 0.63145082456883961, 0.653876853209998, 0.7130419407811287, 0.77770501540254833, 0.846989106487258, 0.91940019116509275, 0.99562927667560963, 1.0741813448330058, 1.235711496792772, 1.3990516084848048, 1.5587916635135344]
