ifl: 2
Q: 2.5298219999999998
z: 0.055
P_p: [1.3914020999999998e-05, 0.00013914020999999997, 0.00034785052499999999, 0.00069570104999999998, 0.0010435515749999999, 0.0013914021, 0.0027828041999999999, 0.0041742062999999994, 0.0055656083999999998, 0.0069570105000000002, 0.0083484125999999988, 0.0097398147000000001, 0.0111312168, 0.012522618899999999, 0.013914021, 0.015305423099999998, 0.016696825199999998, 0.018088227299999999, 0.0194796294, 0.020871031499999998, 0.022262433599999999, 0.0236538357, 0.025045237799999998, 0.026436639899999996, 0.027828042000000001, 0.030610846199999996, 0.033393650399999995, 0.036176454599999998, 0.0389592588, 0.041742062999999996, 0.044524867199999998, 0.047307671400000001, 0.050090475599999996, 0.052873279799999992, 0.055656084000000001, 0.062613094499999994, 0.069570104999999993, 0.076527115500000006, 0.083484125999999992, 0.090441136500000005, 0.09739814699999999, 0.111312168, 0.12522618899999999, 0.13914020999999999]
z * D1(z, P_p, Q): [0.47187653376223943, 0.47202653815149198, 0.47133653962786792, 0.46982854297112164, 0.47167753746644808, 0.47025757457351691, 0.47208651281557518, 0.47397353913206874, 0.47491551971362306, 0.47468357133923073, 0.47695055179977391, 0.47965853511255496, 0.48171156360019174, 0.48668052531323042, 0.48985456673476946, 0.49302455599091799, 0.49787555862972288, 0.50227758401647626, 0.50613061277328164, 0.51116660285461535, 0.51725561090343131, 0.52425558567471275, 0.53041262582064852, 0.53572263957400468, 0.54346963055159148, 0.55780165422509298, 0.57470067594470786, 0.59236769965862035, 0.61069873936056773, 0.63098775522453765, 0.6517177968429998, 0.67414782375492521, 0.6981278538152319, 0.72232687637389759, 0.74790590696040982, 0.81504100139466396, 0.88794507780248721, 0.96546017166688636, 1.0456912551912469, 1.1293813374344805, 1.2146613957961583, 1.3866115234107512, 1.5552315924290083, 1.7138815850995273]
