ifl: 2
Q: 4.75
z: 0.45000000000000001
P_p: [0.00021374999999999999, 0.0021375000000000001, 0.0053437500000000004, 0.010687500000000001, 0.01603125, 0.021375000000000002, 0.042750000000000003, 0.064125000000000001, 0.085500000000000007, 0.10687500000000001, 0.12825, 0.14962500000000001, 0.17100000000000001, 0.19237499999999999, 0.21375000000000002, 0.235125, 0.25650000000000001, 0.27787500000000004, 0.29925000000000002, 0.32062499999999999, 0.34200000000000003, 0.36337500000000006, 0.38474999999999998, 0.40612500000000001, 0.42750000000000005, 0.47025, 0.51300000000000001, 0.55575000000000008, 0.59850000000000003, 0.64124999999999999, 0.68400000000000005, 0.72675000000000012, 0.76949999999999996, 0.81225000000000003, 0.85500000000000009, 0.96187500000000015, 1.0687500000000001, 1.1756250000000001, 1.2825, 1.389375, 1.4962499999999999, 1.7100000000000002, 1.9237500000000003, 2.1375000000000002]
z * D1(z, P_p, Q): [0.26545600000000003, 0.26552100000000001, 0.26539099999999999, 0.26540000000000002, 0.26516600000000001, 0.26508399999999999, 0.26380300000000001, 0.26170500000000002, 0.258739, 0.25498900000000002, 0.25044699999999998, 0.24523500000000001, 0.23926500000000001, 0.232705, 0.225551, 0.21787599999999999, 0.20976, 0.20120299999999999, 0.19236400000000001, 0.18324799999999999, 0.17400499999999999, 0.16464599999999999, 0.155308, 0.14599699999999999, 0.13678100000000001, 0.118922, 0.10218099999999999, 0.086726999999999999, 0.072784600000000005, 0.060375199999999997, 0.049542299999999997, 0.040210200000000001, 0.032237599999999998, 0.025499299999999999, 0.0198908, 0.0098076799999999992, 0.00386886, 0.00053952700000000004, -0.00126527, -0.0022246200000000001, -0.0027297599999999999, -0.0030805400000000001, -0.00298154, -0.0026284300000000002]
