ifl: 2
Q: 4.75
z: 0.5
P_p: [0.0002375, 0.0023749999999999999, 0.0059375000000000001, 0.011875, 0.017812499999999998, 0.02375, 0.047500000000000001, 0.071249999999999994, 0.095000000000000001, 0.11875000000000001, 0.14249999999999999, 0.16625000000000001, 0.19, 0.21375, 0.23750000000000002, 0.26124999999999998, 0.28499999999999998, 0.30875000000000002, 0.33250000000000002, 0.35625000000000001, 0.38, 0.40375000000000005, 0.42749999999999999, 0.45124999999999998, 0.47500000000000003, 0.52249999999999996, 0.56999999999999995, 0.61750000000000005, 0.66500000000000004, 0.71250000000000002, 0.76000000000000001, 0.80750000000000011, 0.85499999999999998, 0.90249999999999997, 0.95000000000000007, 1.0687500000000001, 1.1875, 1.3062500000000001, 1.425, 1.54375, 1.6624999999999999, 1.9000000000000001, 2.1375000000000002, 2.375]
z * D1(z, P_p, Q): [0.218474, 0.21851200000000001, 0.21842400000000001, 0.21839700000000001, 0.21820000000000001, 0.21807499999999999, 0.216779, 0.21465100000000001, 0.211675, 0.20792099999999999, 0.203407, 0.198237, 0.192386, 0.18599099999999999, 0.17908499999999999, 0.17174700000000001, 0.16406100000000001, 0.15606100000000001, 0.14787800000000001, 0.139544, 0.13118099999999999, 0.122817, 0.114561, 0.106433, 0.098488599999999996, 0.083373199999999995, 0.069544599999999998, 0.057119000000000003, 0.046212900000000001, 0.036794599999999997, 0.028830000000000001, 0.022204399999999999, 0.016759599999999999, 0.012349000000000001, 0.0088429900000000002, 0.0030558299999999998, 0.000109034, -0.00129528, -0.0019372199999999999, -0.00222106, -0.0023359000000000001, -0.00232249, -0.00211808, -0.0017976400000000001]
