ifl: 2
Q: 1
z: 0.044999999999999998
P_p: [4.5000000000000001e-06, 4.4999999999999996e-05, 0.0001125, 0.00022499999999999999, 0.00033749999999999996, 0.00044999999999999999, 0.00089999999999999998, 0.0013499999999999999, 0.0018, 0.0022499999999999998, 0.0026999999999999997, 0.00315, 0.0035999999999999999, 0.0040499999999999998, 0.0044999999999999997, 0.0049499999999999995, 0.0053999999999999994, 0.0058500000000000002, 0.0063, 0.0067499999999999999, 0.0071999999999999998, 0.0076500000000000005, 0.0080999999999999996, 0.0085500000000000003, 0.0089999999999999993, 0.0098999999999999991, 0.010799999999999999, 0.0117, 0.0126, 0.0135, 0.0144, 0.015300000000000001, 0.016199999999999999, 0.017100000000000001, 0.017999999999999999, 0.020250000000000001, 0.022499999999999999, 0.024750000000000001, 0.027, 0.029249999999999998, 0.0315, 0.035999999999999997, 0.040500000000000001, 0.044999999999999998]
z * D1(z, P_p, Q): [0.029303099999999999, 0.029302700000000001, 0.0292789, 0.029339799999999999, 0.0293035, 0.029313599999999999, 0.029364500000000002, 0.029441999999999999, 0.029550300000000002, 0.0296896, 0.029859900000000002, 0.0300611, 0.030293199999999999, 0.030556199999999999, 0.030850200000000001, 0.031175000000000001, 0.031530700000000002, 0.031917300000000003, 0.032334599999999998, 0.032837699999999997, 0.033292000000000002, 0.033771599999999999, 0.034312099999999998, 0.034883400000000002, 0.035485299999999997, 0.036781099999999997, 0.038192700000000003, 0.039742, 0.041401500000000001, 0.043185000000000001, 0.045089600000000001, 0.047114999999999997, 0.049261199999999998, 0.051526000000000002, 0.053911100000000003, 0.060393500000000003, 0.067611400000000002, 0.075556100000000001, 0.084217700000000006, 0.093585699999999994, 0.10364899999999998, 0.125809, 0.15059, 0.177872]
