Flavour index: 1
Scale: 5
Bjorken x: 0.1
qT: [0.001, 0.01, 0.1, 1, 1.5, 2, 2.5, 3, 3.5, 4, 4.5, 5, 5.5, 6, 6.5, 7, 7.5, 8, 8.5, 9, 9.5, 10, 10.5, 11, 11.5, 12, 12.5, 13, 13.5, 14, 14.5, 15, 15.5, 16, 16.5, 17, 17.5, 18, 18.5, 19, 19.5, 20]
TMD: [0.57175468, 0.57176098, 0.57009642, 0.42877858, 0.32029098, 0.23701408, 0.18240549, 0.14688851, 0.12208456, 0.10370816, 0.089704317, 0.07901673, 0.070713526, 0.064229324, 0.059005605, 0.054715154, 0.051061202, 0.047918728, 0.045270306, 0.042823723, 0.040651382, 0.038739623, 0.036979183, 0.035383983, 0.033891744, 0.032524029, 0.03128584, 0.0301216, 0.029057731, 0.028066757, 0.027155109, 0.026292031, 0.025513435, 0.024737287, 0.024003023, 0.023325521, 0.022695297, 0.022061518, 0.02146387, 0.020883427, 0.020302293, 0.019782253]
