Flavour index: 1
Scale: 5
Bjorken x: 0.1
qT: [0.001, 0.01, 0.1, 1, 1.5, 2, 2.5, 3, 3.5, 4, 4.5, 5, 5.5, 6, 6.5, 7, 7.5, 8, 8.5, 9, 9.5, 10, 10.5, 11, 11.5, 12, 12.5, 13, 13.5, 14, 14.5, 15, 15.5, 16, 16.5, 17, 17.5, 18, 18.5, 19, 19.5, 20]
TMD: [0.65011368, 0.65011244, 0.64746814, 0.4491224, 0.31141464, 0.2217752, 0.17371796, 0.14444375, 0.12182887, 0.10374388, 0.089759516, 0.079256511, 0.071000261, 0.064519099, 0.059274516, 0.054948384, 0.051250599, 0.048065912, 0.045384756, 0.042909536, 0.040716367, 0.038791312, 0.037020925, 0.035417986, 0.03391921, 0.03254568, 0.03130354, 0.030135633, 0.029069477, 0.028076399, 0.027163906, 0.02629998, 0.025521701, 0.024744494, 0.024009343, 0.023331645, 0.022701626, 0.02206695, 0.021468681, 0.020887368, 0.020305733, 0.019785231]
