Flavour index: 1
Scale: 5
Bjorken x: 0.1
qT: [0.001, 0.01, 0.1, 1, 1.5, 2, 2.5, 3, 3.5, 4, 4.5, 5, 5.5, 6, 6.5, 7, 7.5, 8, 8.5, 9, 9.5, 10, 10.5, 11, 11.5, 12, 12.5, 13, 13.5, 14, 14.5, 15, 15.5, 16, 16.5, 17, 17.5, 18, 18.5, 19, 19.5, 20]
TMD: [0.71128988, 0.71115111, 0.70807754, 0.47241959, 0.31783981, 0.22341487, 0.1746068, 0.14415989, 0.12059868, 0.10234357, 0.088568756, 0.078158239, 0.070075952, 0.063779789, 0.058696123, 0.054503094, 0.050906796, 0.047799452, 0.0451813, 0.042747934, 0.040586595, 0.038689332, 0.036937332, 0.03534922, 0.033878894, 0.032493738, 0.031258721, 0.030095083, 0.029033812, 0.028043774, 0.027135945, 0.026275554, 0.025503022, 0.024727384, 0.023993531, 0.023318324, 0.022691491, 0.022056861, 0.021458956, 0.020876977, 0.020295376, 0.019774748]
