Flavour index: 1
Scale: 5
Bjorken x: 0.1
qT: [0.001, 0.01, 0.1, 1, 1.5, 2, 2.5, 3, 3.5, 4, 4.5, 5, 5.5, 6, 6.5, 7, 7.5, 8, 8.5, 9, 9.5, 10, 10.5, 11, 11.5, 12, 12.5, 13, 13.5, 14, 14.5, 15, 15.5, 16, 16.5, 17, 17.5, 18, 18.5, 19, 19.5, 20]
TMD: [0.55044712, 0.55045359, 0.54887151, 0.41704947, 0.31569749, 0.23685039, 0.1836354, 0.14801616, 0.12290146, 0.10434277, 0.090220197, 0.079425657, 0.071029985, 0.064465569, 0.05917898, 0.054840722, 0.051153904, 0.047988901, 0.045322095, 0.042865038, 0.040685137, 0.038766232, 0.037001224, 0.035402325, 0.033907787, 0.032538796, 0.031298809, 0.030133762, 0.029068585, 0.028076955, 0.027163776, 0.026299574, 0.025518791, 0.02474227, 0.024007699, 0.02332931, 0.02269786, 0.022064236, 0.021466573, 0.020886546, 0.020305502, 0.019785602]
