Flavour index: 1
Scale: 5
Bjorken x: 0.1
qT: [0.001, 0.01, 0.1, 1, 1.5, 2, 2.5, 3, 3.5, 4, 4.5, 5, 5.5, 6, 6.5, 7, 7.5, 8, 8.5, 9, 9.5, 10, 10.5, 11, 11.5, 12, 12.5, 13, 13.5, 14, 14.5, 15, 15.5, 16, 16.5, 17, 17.5, 18, 18.5, 19, 19.5, 20]
TMD: [0.57202534, 0.57203241, 0.57039933, 0.43193521, 0.32258715, 0.23720047, 0.18155924, 0.14621703, 0.12179298, 0.10358276, 0.089623483, 0.078957665, 0.070671778, 0.064201603, 0.058987818, 0.0547041, 0.051053993, 0.047913567, 0.045266735, 0.042820606, 0.040648491, 0.03873727, 0.036977084, 0.035382161, 0.033890057, 0.032522309, 0.031284272, 0.030120005, 0.029056266, 0.028065302, 0.027153899, 0.026290991, 0.025512821, 0.024736694, 0.024002447, 0.023325102, 0.022695119, 0.022061268, 0.021463594, 0.020883033, 0.020301856, 0.019781768]
