Flavour index: 1
Scale: 5
Bjorken x: 0.1
qT: [0.001, 0.01, 0.1, 1, 1.5, 2, 2.5, 3, 3.5, 4, 4.5, 5, 5.5, 6, 6.5, 7, 7.5, 8, 8.5, 9, 9.5, 10, 10.5, 11, 11.5, 12, 12.5, 13, 13.5, 14, 14.5, 15, 15.5, 16, 16.5, 17, 17.5, 18, 18.5, 19, 19.5, 20]
TMD: [0.53323172, 0.53324088, 0.53186854, 0.4165577, 0.32028368, 0.23995766, 0.18410385, 0.1474998, 0.12246067, 0.10411217, 0.090096002, 0.079342022, 0.070965462, 0.064415937, 0.059141957, 0.054813852, 0.051134983, 0.047975864, 0.045313184, 0.042856469, 0.040680067, 0.038762057, 0.036997611, 0.035399198, 0.033905073, 0.032536418, 0.031296764, 0.03013193, 0.029066955, 0.028075433, 0.027162429, 0.026298369, 0.025517805, 0.024741372, 0.024006874, 0.023328591, 0.02269727, 0.022063672, 0.02146604, 0.020886008, 0.020304972, 0.019785075]
