Flavour index: 1
Scale: 5
Bjorken x: 0.1
qT: [0.001, 0.01, 0.1, 1, 1.5, 2, 2.5, 3, 3.5, 4, 4.5, 5, 5.5, 6, 6.5, 7, 7.5, 8, 8.5, 9, 9.5, 10, 10.5, 11, 11.5, 12, 12.5, 13, 13.5, 14, 14.5, 15, 15.5, 16, 16.5, 17, 17.5, 18, 18.5, 19, 19.5, 20]
TMD: [0.56332353, 0.56332735, 0.56150815, 0.41557733, 0.31058583, 0.23341653, 0.182552, 0.14806221, 0.12325167, 0.10469984, 0.090521989, 0.079675855, 0.07123555, 0.064630077, 0.059308, 0.05493961, 0.051228635, 0.048044988, 0.045363569, 0.042896705, 0.040709975, 0.038785872, 0.037017295, 0.035415638, 0.033919099, 0.032548623, 0.031307235, 0.030141242, 0.029075144, 0.028082895, 0.027168949, 0.026304142, 0.025522507, 0.024745647, 0.024010794, 0.023332001, 0.022700071, 0.022066353, 0.021468574, 0.02088857, 0.020307475, 0.019787555]
