Flavour index: 1
Scale: 5
Bjorken x: 0.1
qT: [0.001, 0.01, 0.1, 1, 1.5, 2, 2.5, 3, 3.5, 4, 4.5, 5, 5.5, 6, 6.5, 7, 7.5, 8, 8.5, 9, 9.5, 10, 10.5, 11, 11.5, 12, 12.5, 13, 13.5, 14, 14.5, 15, 15.5, 16, 16.5, 17, 17.5, 18, 18.5, 19, 19.5, 20]
TMD: [0.66722224, 0.66722245, 0.66472014, 0.46380793, 0.32147786, 0.22640674, 0.17460844, 0.14384141, 0.12092179, 0.10281292, 0.088853183, 0.078442096, 0.070307017, 0.063954698, 0.058825731, 0.054598905, 0.050979102, 0.047854532, 0.04522353, 0.042782214, 0.040614301, 0.038710417, 0.036954856, 0.035363605, 0.033873048, 0.032505223, 0.03126877, 0.030104453, 0.029042134, 0.028051544, 0.027142534, 0.026281279, 0.025507096, 0.024731171, 0.023997081, 0.023321206, 0.022693454, 0.022058935, 0.021461015, 0.020879347, 0.020297804, 0.019777277]
