Flavour index: 1
Scale: 5
Bjorken x: 0.1
qT: [0.001, 0.01, 0.1, 1, 1.5, 2, 2.5, 3, 3.5, 4, 4.5, 5, 5.5, 6, 6.5, 7, 7.5, 8, 8.5, 9, 9.5, 10, 10.5, 11, 11.5, 12, 12.5, 13, 13.5, 14, 14.5, 15, 15.5, 16, 16.5, 17, 17.5, 18, 18.5, 19, 19.5, 20]
TMD: [0.58678609, 0.58666956, 0.58502089, 0.43544237, 0.318328, 0.22971962, 0.17564296, 0.14348006, 0.12119166, 0.10376097, 0.089919203, 0.079364817, 0.071138233, 0.064650837, 0.059391086, 0.055050036, 0.051341375, 0.048146494, 0.045452382, 0.042968857, 0.040767162, 0.038832849, 0.037054596, 0.035445983, 0.033943075, 0.032566631, 0.031321501, 0.030151659, 0.029083369, 0.02808882, 0.027174385, 0.026308995, 0.025528527, 0.024750682, 0.024015005, 0.023336367, 0.022705184, 0.022070484, 0.021472072, 0.020890984, 0.02030931, 0.019788829]
