Flavour index: 1
Scale: 5
Bjorken x: 0.1
qT: [0.001, 0.01, 0.1, 1, 1.5, 2, 2.5, 3, 3.5, 4, 4.5, 5, 5.5, 6, 6.5, 7, 7.5, 8, 8.5, 9, 9.5, 10, 10.5, 11, 11.5, 12, 12.5, 13, 13.5, 14, 14.5, 15, 15.5, 16, 16.5, 17, 17.5, 18, 18.5, 19, 19.5, 20]
TMD: [0.64699491, 0.64699621, 0.64465485, 0.45573496, 0.32038846, 0.22800122, 0.17593514, 0.1444068, 0.12121348, 0.10309497, 0.089113624, 0.078644612, 0.070459629, 0.064066881, 0.058906623, 0.054656565, 0.051021802, 0.047887446, 0.045247839, 0.042802264, 0.040630964, 0.038723861, 0.036965622, 0.035372543, 0.033880927, 0.032512615, 0.031275309, 0.030110681, 0.02904771, 0.028056817, 0.027146976, 0.026285122, 0.025509702, 0.024733615, 0.023999393, 0.023323032, 0.022694588, 0.022060197, 0.021462297, 0.020880901, 0.020299428, 0.019778998]
