Flavour index: 1
Scale: 5
Bjorken x: 0.1
qT: [0.001, 0.01, 0.1, 1, 1.5, 2, 2.5, 3, 3.5, 4, 4.5, 5, 5.5, 6, 6.5, 7, 7.5, 8, 8.5, 9, 9.5, 10, 10.5, 11, 11.5, 12, 12.5, 13, 13.5, 14, 14.5, 15, 15.5, 16, 16.5, 17, 17.5, 18, 18.5, 19, 19.5, 20]
TMD: [0.5562984, 0.55630524, 0.55476257, 0.42198326, 0.31789382, 0.23651044, 0.18253983, 0.14728539, 0.12255967, 0.10415643, 0.090088622, 0.07932681, 0.070956366, 0.06441398, 0.059143905, 0.054817226, 0.051137415, 0.047976557, 0.045313158, 0.042857497, 0.040678576, 0.038761009, 0.036996769, 0.035398563, 0.033904392, 0.032535481, 0.031295833, 0.03013083, 0.029065923, 0.02807437, 0.027161614, 0.026297711, 0.025517619, 0.024741154, 0.024006628, 0.023328501, 0.022697439, 0.022063716, 0.021466022, 0.02088582, 0.020304718, 0.019784749]
