Flavour index: 1
Scale: 5
Bjorken x: 0.1
qT: [0.001, 0.01, 0.1, 1, 1.5, 2, 2.5, 3, 3.5, 4, 4.5, 5, 5.5, 6, 6.5, 7, 7.5, 8, 8.5, 9, 9.5, 10, 10.5, 11, 11.5, 12, 12.5, 13, 13.5, 14, 14.5, 15, 15.5, 16, 16.5, 17, 17.5, 18, 18.5, 19, 19.5, 20]
TMD: [0.61192602, 0.61180546, 0.60991684, 0.44254943, 0.31844308, 0.22960289, 0.17696583, 0.14472186, 0.12153683, 0.10357294, 0.089610375, 0.079077492, 0.070821418, 0.06435645, 0.059132798, 0.054830734, 0.051157278, 0.047994119, 0.045329582, 0.042867998, 0.040684574, 0.038765978, 0.037000004, 0.035400787, 0.033905083, 0.032534142, 0.031293935, 0.030127658, 0.029062662, 0.028070538, 0.02715867, 0.0262953, 0.025517305, 0.024740603, 0.024005873, 0.023328424, 0.022698556, 0.022064218, 0.021466205, 0.02088517, 0.020303719, 0.019783379]
