Flavour index: 1
Scale: 5
Bjorken x: 0.1
qT: [0.001, 0.01, 0.1, 1, 1.5, 2, 2.5, 3, 3.5, 4, 4.5, 5, 5.5, 6, 6.5, 7, 7.5, 8, 8.5, 9, 9.5, 10, 10.5, 11, 11.5, 12, 12.5, 13, 13.5, 14, 14.5, 15, 15.5, 16, 16.5, 17, 17.5, 18, 18.5, 19, 19.5, 20]
TMD: [0.61997545, 0.61997495, 0.61760453, 0.43305019, 0.30911647, 0.22738518, 0.17899452, 0.14673067, 0.12259588, 0.10419694, 0.090134726, 0.079394723, 0.071036551, 0.064498647, 0.059224155, 0.054887054, 0.051192408, 0.048016787, 0.04534294, 0.042877956, 0.040693109, 0.038772709, 0.037006146, 0.035406296, 0.033910399, 0.032539733, 0.031299121, 0.030133001, 0.029067625, 0.028075507, 0.027162861, 0.026298945, 0.025519532, 0.024742758, 0.02400797, 0.023329987, 0.022699301, 0.022065191, 0.02146726, 0.02088662, 0.020305308, 0.019785132]
