Flavour index: 1
Scale: 5
Bjorken x: 0.1
qT: [0.001, 0.01, 0.1, 1, 1.5, 2, 2.5, 3, 3.5, 4, 4.5, 5, 5.5, 6, 6.5, 7, 7.5, 8, 8.5, 9, 9.5, 10, 10.5, 11, 11.5, 12, 12.5, 13, 13.5, 14, 14.5, 15, 15.5, 16, 16.5, 17, 17.5, 18, 18.5, 19, 19.5, 20]
TMD: [0.56843109, 0.56843915, 0.56683238, 0.43342691, 0.32514356, 0.23850979, 0.18148152, 0.14573688, 0.12147665, 0.10343228, 0.089527108, 0.078845848, 0.070604796, 0.064150437, 0.058949829, 0.054676347, 0.051033664, 0.047898503, 0.045255742, 0.042809384, 0.040641521, 0.038731714, 0.036972445, 0.035378275, 0.033886693, 0.032519267, 0.031281619, 0.030117547, 0.029054073, 0.02806324, 0.027152128, 0.026289441, 0.025511674, 0.024735635, 0.02400146, 0.023324285, 0.022694531, 0.022060666, 0.021463004, 0.020882381, 0.020301193, 0.019781086]
