Flavour index: 1
Scale: 5
Bjorken x: 0.1
qT: [0.001, 0.01, 0.1, 1, 1.5, 2, 2.5, 3, 3.5, 4, 4.5, 5, 5.5, 6, 6.5, 7, 7.5, 8, 8.5, 9, 9.5, 10, 10.5, 11, 11.5, 12, 12.5, 13, 13.5, 14, 14.5, 15, 15.5, 16, 16.5, 17, 17.5, 18, 18.5, 19, 19.5, 20]
TMD: [0.65005754, 0.65005929, 0.64775257, 0.45898487, 0.32288876, 0.22924155, 0.17616213, 0.14419291, 0.12092416, 0.10283123, 0.088881338, 0.078447737, 0.070298562, 0.063940117, 0.058808849, 0.054582547, 0.050965766, 0.047844785, 0.045215984, 0.042777396, 0.040611415, 0.038708235, 0.036952835, 0.035361978, 0.033871881, 0.03250459, 0.031268368, 0.030104385, 0.029042155, 0.028051715, 0.027142587, 0.026281276, 0.025506747, 0.024730906, 0.023996887, 0.023320916, 0.02269297, 0.02205859, 0.021460748, 0.02087925, 0.020297782, 0.019777333]
