Flavour index: 1
Scale: 5
Bjorken x: 0.1
qT: [0.001, 0.01, 0.1, 1, 1.5, 2, 2.5, 3, 3.5, 4, 4.5, 5, 5.5, 6, 6.5, 7, 7.5, 8, 8.5, 9, 9.5, 10, 10.5, 11, 11.5, 12, 12.5, 13, 13.5, 14, 14.5, 15, 15.5, 16, 16.5, 17, 17.5, 18, 18.5, 19, 19.5, 20]
TMD: [0.69448838, 0.69435275, 0.69137849, 0.46425646, 0.31608933, 0.2248186, 0.17597871, 0.14474755, 0.12091671, 0.10265504, 0.088836754, 0.078360025, 0.070228197, 0.063891134, 0.058775568, 0.054559375, 0.050948209, 0.047830907, 0.045204637, 0.042766986, 0.040602859, 0.038701743, 0.036947654, 0.035357814, 0.03388647, 0.032500892, 0.031265056, 0.030101132, 0.029039235, 0.028048915, 0.027140277, 0.026279304, 0.025505556, 0.024729764, 0.023995784, 0.0233201, 0.022692586, 0.022058084, 0.021460201, 0.020878492, 0.020296963, 0.019776433]
