Flavour index: 1
Scale: 5
Bjorken x: 0.1
qT: [0.001, 0.01, 0.1, 1, 1.5, 2, 2.5, 3, 3.5, 4, 4.5, 5, 5.5, 6, 6.5, 7, 7.5, 8, 8.5, 9, 9.5, 10, 10.5, 11, 11.5, 12, 12.5, 13, 13.5, 14, 14.5, 15, 15.5, 16, 16.5, 17, 17.5, 18, 18.5, 19, 19.5, 20]
TMD: [0.60720747, 0.60708781, 0.60515376, 0.43814882, 0.31660908, 0.23047389, 0.17869249, 0.14588814, 0.12205474, 0.10379778, 0.089792313, 0.079115689, 0.070815522, 0.064327316, 0.059093775, 0.054789748, 0.051119606, 0.047962559, 0.045303009, 0.042847096, 0.040668424, 0.038753117, 0.036989925, 0.035392773, 0.033898781, 0.03252936, 0.031290123, 0.030124794, 0.029060356, 0.028068795, 0.02715708, 0.026293874, 0.025515658, 0.0247392, 0.024004673, 0.023327212, 0.022697201, 0.022063094, 0.021465234, 0.020884447, 0.020303132, 0.019782922]
