Flavour index: 1
Scale: 5
Bjorken x: 0.1
qT: [0.001, 0.01, 0.1, 1, 1.5, 2, 2.5, 3, 3.5, 4, 4.5, 5, 5.5, 6, 6.5, 7, 7.5, 8, 8.5, 9, 9.5, 10, 10.5, 11, 11.5, 12, 12.5, 13, 13.5, 14, 14.5, 15, 15.5, 16, 16.5, 17, 17.5, 18, 18.5, 19, 19.5, 20]
TMD: [0.5887163, 0.58859878, 0.58696553, 0.43894555, 0.32352804, 0.23543372, 0.17987795, 0.1454161, 0.12150601, 0.10342367, 0.08948507, 0.078815557, 0.070591247, 0.064147298, 0.058952184, 0.05468107, 0.051037817, 0.047900662, 0.045257364, 0.042812329, 0.040641134, 0.038731493, 0.036972191, 0.035378061, 0.033886316, 0.032518546, 0.031280854, 0.030116566, 0.029053133, 0.028062239, 0.027151367, 0.026288827, 0.025511545, 0.024735465, 0.024001252, 0.023324236, 0.022694751, 0.022060751, 0.021463021, 0.020882214, 0.020300954, 0.019780768]
