Flavour index: 1
Scale: 5
Bjorken x: 0.1
qT: [0.001, 0.01, 0.1, 1, 1.5, 2, 2.5, 3, 3.5, 4, 4.5, 5, 5.5, 6, 6.5, 7, 7.5, 8, 8.5, 9, 9.5, 10, 10.5, 11, 11.5, 12, 12.5, 13, 13.5, 14, 14.5, 15, 15.5, 16, 16.5, 17, 17.5, 18, 18.5, 19, 19.5, 20]
TMD: [0.56252629, 0.56253375, 0.560987, 0.42826305, 0.32129544, 0.23637246, 0.18080218, 0.14588193, 0.12190311, 0.10387846, 0.089924358, 0.079186915, 0.070888525, 0.064377699, 0.059127324, 0.054812284, 0.05113755, 0.047978058, 0.045315461, 0.042858688, 0.040678663, 0.038760999, 0.036996341, 0.035397967, 0.033903485, 0.032534049, 0.031294357, 0.030129021, 0.029064165, 0.028072457, 0.027160069, 0.026296404, 0.025517096, 0.024740593, 0.024006033, 0.023328175, 0.022697561, 0.022063647, 0.021465862, 0.020885385, 0.020304169, 0.01978408]
