Flavour index: 1
Scale: 5
Bjorken x: 0.1
qT: [0.001, 0.01, 0.1, 1, 1.5, 2, 2.5, 3, 3.5, 4, 4.5, 5, 5.5, 6, 6.5, 7, 7.5, 8, 8.5, 9, 9.5, 10, 10.5, 11, 11.5, 12, 12.5, 13, 13.5, 14, 14.5, 15, 15.5, 16, 16.5, 17, 17.5, 18, 18.5, 19, 19.5, 20]
TMD: [0.54805331, 0.54806044, 0.54656068, 0.41862106, 0.31645597, 0.23542526, 0.18158288, 0.14679893, 0.1225384, 0.10435439, 0.090341896, 0.07957864, 0.071186626, 0.064611017, 0.059306219, 0.054947399, 0.051240593, 0.048057733, 0.045375722, 0.042906754, 0.040717662, 0.038791848, 0.037021681, 0.035418901, 0.033921465, 0.032550172, 0.031308354, 0.030141861, 0.029075523, 0.028082962, 0.027169036, 0.02630422, 0.025522897, 0.024745937, 0.024010999, 0.023332293, 0.022700557, 0.022066701, 0.02146884, 0.020888663, 0.020307481, 0.019787473]
