Flavour index: 1
Scale: 5
Bjorken x: 0.1
qT: [0.001, 0.01, 0.1, 1, 1.5, 2, 2.5, 3, 3.5, 4, 4.5, 5, 5.5, 6, 6.5, 7, 7.5, 8, 8.5, 9, 9.5, 10, 10.5, 11, 11.5, 12, 12.5, 13, 13.5, 14, 14.5, 15, 15.5, 16, 16.5, 17, 17.5, 18, 18.5, 19, 19.5, 20]
TMD: [0.59501657, 0.59489933, 0.5931166, 0.435376, 0.31624791, 0.22916541, 0.17669725, 0.14456421, 0.12163225, 0.10383461, 0.089919429, 0.079346989, 0.071094264, 0.064591112, 0.059328051, 0.054989518, 0.051285951, 0.048098121, 0.045411735, 0.042934577, 0.040738762, 0.03880942, 0.037035559, 0.035430038, 0.033929777, 0.032555542, 0.03131221, 0.030143832, 0.02907673, 0.028083154, 0.02716949, 0.026304732, 0.025524787, 0.024747381, 0.024012069, 0.023333733, 0.022702807, 0.022068329, 0.021470106, 0.020889171, 0.020307633, 0.019787264]
