Flavour index: 1
Scale: 5
Bjorken x: 0.1
qT: [0.001, 0.01, 0.1, 1, 1.5, 2, 2.5, 3, 3.5, 4, 4.5, 5, 5.5, 6, 6.5, 7, 7.5, 8, 8.5, 9, 9.5, 10, 10.5, 11, 11.5, 12, 12.5, 13, 13.5, 14, 14.5, 15, 15.5, 16, 16.5, 17, 17.5, 18, 18.5, 19, 19.5, 20]
TMD: [0.54265105, 0.54265942, 0.54127603, 0.41927066, 0.31985062, 0.23888806, 0.18358203, 0.14740559, 0.12244932, 0.10407238, 0.090042719, 0.079294317, 0.070927594, 0.064387906, 0.059121571, 0.054799058, 0.05112369, 0.047966823, 0.045306229, 0.042850603, 0.040675195, 0.038758267, 0.036994519, 0.035396669, 0.033902858, 0.032534334, 0.031294919, 0.030130165, 0.029065377, 0.028073944, 0.027161185, 0.026297299, 0.025517098, 0.024740707, 0.024006243, 0.0233281, 0.02269698, 0.02206334, 0.021465698, 0.020885583, 0.020304524, 0.019784597]
