Flavour index: 1
Scale: 5
Bjorken x: 0.1
qT: [0.001, 0.01, 0.1, 1, 1.5, 2, 2.5, 3, 3.5, 4, 4.5, 5, 5.5, 6, 6.5, 7, 7.5, 8, 8.5, 9, 9.5, 10, 10.5, 11, 11.5, 12, 12.5, 13, 13.5, 14, 14.5, 15, 15.5, 16, 16.5, 17, 17.5, 18, 18.5, 19, 19.5, 20]
TMD: [0.62732718, 0.62733034, 0.62521039, 0.45115094, 0.32206941, 0.23020569, 0.17664479, 0.14440933, 0.12125903, 0.10322623, 0.089226153, 0.078690954, 0.07051875, 0.064109227, 0.058935763, 0.054676868, 0.05103689, 0.047899434, 0.045256802, 0.042810022, 0.040637869, 0.038729012, 0.036969856, 0.035376022, 0.033884062, 0.032515643, 0.031278014, 0.030113321, 0.029050082, 0.028059085, 0.02714886, 0.026286738, 0.025510713, 0.024734579, 0.024000317, 0.02332373, 0.022694949, 0.022060645, 0.021462772, 0.020881531, 0.020300104, 0.019779733]
