Flavour index: 1
Scale: 5
Bjorken x: 0.1
qT: [0.001, 0.01, 0.1, 1, 1.5, 2, 2.5, 3, 3.5, 4, 4.5, 5, 5.5, 6, 6.5, 7, 7.5, 8, 8.5, 9, 9.5, 10, 10.5, 11, 11.5, 12, 12.5, 13, 13.5, 14, 14.5, 15, 15.5, 16, 16.5, 17, 17.5, 18, 18.5, 19, 19.5, 20]
TMD: [0.67398238, 0.67398136, 0.67129451, 0.46186634, 0.32110824, 0.2294916, 0.17747076, 0.14454221, 0.12054552, 0.1024154, 0.088645245, 0.078162832, 0.070096198, 0.06378473, 0.058691308, 0.054494554, 0.050900149, 0.047795127, 0.045178759, 0.04274812, 0.040588122, 0.038690017, 0.036938006, 0.035349752, 0.033861294, 0.032495138, 0.031260169, 0.030096907, 0.029035549, 0.028045623, 0.027137354, 0.026276692, 0.02550327, 0.024727708, 0.023993922, 0.023318424, 0.022691097, 0.022056713, 0.021458932, 0.020877287, 0.020295819, 0.019775334]
