Flavour index: 1
Scale: 5
Bjorken x: 0.1
qT: [0.001, 0.01, 0.1, 1, 1.5, 2, 2.5, 3, 3.5, 4, 4.5, 5, 5.5, 6, 6.5, 7, 7.5, 8, 8.5, 9, 9.5, 10, 10.5, 11, 11.5, 12, 12.5, 13, 13.5, 14, 14.5, 15, 15.5, 16, 16.5, 17, 17.5, 18, 18.5, 19, 19.5, 20]
TMD: [0.62905704, 0.62905867, 0.62686623, 0.44774119, 0.31637463, 0.22507684, 0.17389224, 0.14376678, 0.12155821, 0.10371052, 0.089710539, 0.079194006, 0.070954676, 0.064485453, 0.059248067, 0.054929215, 0.051237546, 0.048057252, 0.045378506, 0.042906177, 0.040714143, 0.038789401, 0.037018849, 0.035416532, 0.033918033, 0.032544691, 0.031302689, 0.0301349, 0.029068815, 0.028075792, 0.027163337, 0.026299452, 0.025521192, 0.024744038, 0.024008931, 0.023331259, 0.022701257, 0.02206662, 0.02146838, 0.020887101, 0.020305482, 0.019784996]
