Flavour index: 1
Scale: 5
Bjorken x: 0.1
qT: [0.001, 0.01, 0.1, 1, 1.5, 2, 2.5, 3, 3.5, 4, 4.5, 5, 5.5, 6, 6.5, 7, 7.5, 8, 8.5, 9, 9.5, 10, 10.5, 11, 11.5, 12, 12.5, 13, 13.5, 14, 14.5, 15, 15.5, 16, 16.5, 17, 17.5, 18, 18.5, 19, 19.5, 20]
TMD: [0.57975911, 0.57976365, 0.57791996, 0.42742614, 0.31621639, 0.23412319, 0.18152645, 0.14704515, 0.12245107, 0.10403841, 0.08997319, 0.079234414, 0.07088876, 0.064367319, 0.059112343, 0.054796041, 0.051121871, 0.047964059, 0.045303655, 0.04284919, 0.040671415, 0.038755466, 0.036992194, 0.035394793, 0.03390098, 0.032532118, 0.031292802, 0.030127827, 0.02906321, 0.028071751, 0.027159448, 0.026295859, 0.025516499, 0.02474008, 0.024005591, 0.023327735, 0.022697081, 0.022063243, 0.021465509, 0.02088511, 0.020303946, 0.019783901]
