Flavour index: 1
Scale: 5
Bjorken x: 0.1
qT: [0.001, 0.01, 0.1, 1, 1.5, 2, 2.5, 3, 3.5, 4, 4.5, 5, 5.5, 6, 6.5, 7, 7.5, 8, 8.5, 9, 9.5, 10, 10.5, 11, 11.5, 12, 12.5, 13, 13.5, 14, 14.5, 15, 15.5, 16, 16.5, 17, 17.5, 18, 18.5, 19, 19.5, 20]
TMD: [0.58186779, 0.58175277, 0.58008664, 0.43095885, 0.3166359, 0.23122084, 0.17835695, 0.14547029, 0.12210326, 0.1041011, 0.09012874, 0.079425104, 0.071088062, 0.064554207, 0.059276674, 0.054934243, 0.05123389, 0.048052554, 0.045372749, 0.042902798, 0.040713149, 0.038788412, 0.037018537, 0.035416165, 0.033918595, 0.032546685, 0.031304987, 0.030138098, 0.029071991, 0.028079328, 0.02716611, 0.026301757, 0.025521792, 0.024744795, 0.024009823, 0.023331588, 0.022700616, 0.02206645, 0.021468447, 0.020887817, 0.020306461, 0.019786262]
