Flavour index: 1
Scale: 5
Bjorken x: 0.1
qT: [0.001, 0.01, 0.1, 1, 1.5, 2, 2.5, 3, 3.5, 4, 4.5, 5, 5.5, 6, 6.5, 7, 7.5, 8, 8.5, 9, 9.5, 10, 10.5, 11, 11.5, 12, 12.5, 13, 13.5, 14, 14.5, 15, 15.5, 16, 16.5, 17, 17.5, 18, 18.5, 19, 19.5, 20]
TMD: [0.59254817, 0.59243194, 0.59062483, 0.43177704, 0.31294515, 0.22711515, 0.17593837, 0.14452407, 0.12182516, 0.10407507, 0.090169816, 0.079588466, 0.07131209, 0.064777712, 0.05948313, 0.055115269, 0.051386953, 0.048178867, 0.045475121, 0.04298545, 0.04077996, 0.038842524, 0.037062719, 0.035452457, 0.03394869, 0.032571855, 0.03132612, 0.030156076, 0.029087371, 0.02809267, 0.02717769, 0.026311903, 0.025530584, 0.024752617, 0.02401684, 0.023337859, 0.022706187, 0.02207156, 0.021473152, 0.020892242, 0.020310616, 0.019790201]
