Flavour index: 1
Scale: 5
Bjorken x: 0.1
qT: [0.001, 0.01, 0.1, 1, 1.5, 2, 2.5, 3, 3.5, 4, 4.5, 5, 5.5, 6, 6.5, 7, 7.5, 8, 8.5, 9, 9.5, 10, 10.5, 11, 11.5, 12, 12.5, 13, 13.5, 14, 14.5, 15, 15.5, 16, 16.5, 17, 17.5, 18, 18.5, 19, 19.5, 20]
TMD: [0.68300945, 0.68300517, 0.68003502, 0.45541296, 0.31359918, 0.22672983, 0.17794869, 0.14550805, 0.12121784, 0.10291534, 0.089043454, 0.078506727, 0.070334849, 0.063965231, 0.058825603, 0.054593419, 0.050972561, 0.047848921, 0.045218, 0.042778617, 0.040612709, 0.038709549, 0.036954273, 0.035363373, 0.033873116, 0.032505833, 0.031269498, 0.030105516, 0.029043205, 0.028052754, 0.027143474, 0.026282052, 0.025507259, 0.02473139, 0.02399735, 0.023321273, 0.022693172, 0.022058827, 0.021460994, 0.020879558, 0.020298116, 0.019777693]
