Flavour index: 1
Scale: 5
Bjorken x: 0.1
qT: [0.001, 0.01, 0.1, 1, 1.5, 2, 2.5, 3, 3.5, 4, 4.5, 5, 5.5, 6, 6.5, 7, 7.5, 8, 8.5, 9, 9.5, 10, 10.5, 11, 11.5, 12, 12.5, 13, 13.5, 14, 14.5, 15, 15.5, 16, 16.5, 17, 17.5, 18, 18.5, 19, 19.5, 20]
TMD: [0.59948743, 0.59936894, 0.59749762, 0.43559881, 0.31742255, 0.23244333, 0.17998487, 0.14628416, 0.12206539, 0.10375147, 0.089741373, 0.079059079, 0.070759583, 0.06427625, 0.059049495, 0.054753111, 0.05109101, 0.047940491, 0.045286322, 0.042834665, 0.040659032, 0.038745721, 0.03698402, 0.035387958, 0.033894841, 0.032526185, 0.031287493, 0.030122647, 0.029058533, 0.028067254, 0.027155687, 0.026292618, 0.025514425, 0.024738112, 0.024003708, 0.023326297, 0.022696297, 0.022062302, 0.021464523, 0.020883834, 0.020302582, 0.019782426]
