Flavour index: 1
Scale: 5
Bjorken x: 0.1
qT: [0.001, 0.01, 0.1, 1, 1.5, 2, 2.5, 3, 3.5, 4, 4.5, 5, 5.5, 6, 6.5, 7, 7.5, 8, 8.5, 9, 9.5, 10, 10.5, 11, 11.5, 12, 12.5, 13, 13.5, 14, 14.5, 15, 15.5, 16, 16.5, 17, 17.5, 18, 18.5, 19, 19.5, 20]
TMD: [0.73059849, 0.7305887, 0.72689979, 0.46319896, 0.30377154, 0.21613086, 0.17356427, 0.14483876, 0.12129245, 0.10308819, 0.089344942, 0.078854113, 0.070626258, 0.064263542, 0.059081726, 0.054803123, 0.051139412, 0.047977631, 0.045315541, 0.042852491, 0.040670287, 0.038755203, 0.036991109, 0.035393541, 0.033916348, 0.032526359, 0.031286691, 0.030119993, 0.029055634, 0.028063523, 0.027153018, 0.02629055, 0.025514998, 0.024738279, 0.024003529, 0.023326932, 0.022698421, 0.022063564, 0.021465323, 0.020883506, 0.020301779, 0.019781118]
