Flavour index: 1
Scale: 5
Bjorken x: 0.1
qT: [0.001, 0.01, 0.1, 1, 1.5, 2, 2.5, 3, 3.5, 4, 4.5, 5, 5.5, 6, 6.5, 7, 7.5, 8, 8.5, 9, 9.5, 10, 10.5, 11, 11.5, 12, 12.5, 13, 13.5, 14, 14.5, 15, 15.5, 16, 16.5, 17, 17.5, 18, 18.5, 19, 19.5, 20]
TMD: [0.5998462, 0.5997279, 0.59791239, 0.43784499, 0.31763231, 0.23019016, 0.17753911, 0.14509431, 0.12183529, 0.10382647, 0.089879743, 0.079223476, 0.070929122, 0.064433127, 0.059186177, 0.054867354, 0.051183202, 0.04801319, 0.045343094, 0.042878807, 0.04069348, 0.038772907, 0.037005779, 0.03540562, 0.033909433, 0.032538313, 0.031297663, 0.030131273, 0.029065928, 0.028073673, 0.027161316, 0.026297595, 0.025518828, 0.024742044, 0.024007246, 0.023329497, 0.022699192, 0.022064946, 0.021466954, 0.020886102, 0.020304703, 0.019784432]
