Flavour index: 1
Scale: 5
Bjorken x: 0.1
qT: [0.001, 0.01, 0.1, 1, 1.5, 2, 2.5, 3, 3.5, 4, 4.5, 5, 5.5, 6, 6.5, 7, 7.5, 8, 8.5, 9, 9.5, 10, 10.5, 11, 11.5, 12, 12.5, 13, 13.5, 14, 14.5, 15, 15.5, 16, 16.5, 17, 17.5, 18, 18.5, 19, 19.5, 20]
TMD: [0.60342393, 0.60330324, 0.60156626, 0.44592054, 0.32636545, 0.23635438, 0.18001801, 0.14509034, 0.12096047, 0.10288655, 0.089042607, 0.078464919, 0.070316983, 0.063937959, 0.058795128, 0.05456495, 0.050951202, 0.047835489, 0.045209012, 0.042774349, 0.040610629, 0.03870748, 0.036952441, 0.035361677, 0.033872108, 0.032505728, 0.031269687, 0.030106287, 0.029044018, 0.028053784, 0.027144127, 0.026282497, 0.02550684, 0.024731122, 0.02399721, 0.023320878, 0.022692305, 0.022058258, 0.021460589, 0.020879534, 0.020298247, 0.01977799]
