Flavour index: 1
Scale: 5
Bjorken x: 0.1
qT: [0.001, 0.01, 0.1, 1, 1.5, 2, 2.5, 3, 3.5, 4, 4.5, 5, 5.5, 6, 6.5, 7, 7.5, 8, 8.5, 9, 9.5, 10, 10.5, 11, 11.5, 12, 12.5, 13, 13.5, 14, 14.5, 15, 15.5, 16, 16.5, 17, 17.5, 18, 18.5, 19, 19.5, 20]
TMD: [0.52989206, 0.52990095, 0.52854002, 0.41402389, 0.31823975, 0.23840766, 0.18319278, 0.14722439, 0.12258318, 0.10437092, 0.090358561, 0.079574883, 0.071165668, 0.064581687, 0.05927524, 0.054918499, 0.051216395, 0.048038884, 0.045361025, 0.042893913, 0.040709608, 0.03878536, 0.037016519, 0.035414712, 0.033918182, 0.032547776, 0.031306479, 0.030140541, 0.029074476, 0.028082207, 0.027168288, 0.026303517, 0.025521948, 0.024745136, 0.024010323, 0.023331573, 0.022699696, 0.022066007, 0.021468251, 0.02088826, 0.02030717, 0.019787253]
