Flavour index: 1
Scale: 5
Bjorken x: 0.1
qT: [0.001, 0.01, 0.1, 1, 1.5, 2, 2.5, 3, 3.5, 4, 4.5, 5, 5.5, 6, 6.5, 7, 7.5, 8, 8.5, 9, 9.5, 10, 10.5, 11, 11.5, 12, 12.5, 13, 13.5, 14, 14.5, 15, 15.5, 16, 16.5, 17, 17.5, 18, 18.5, 19, 19.5, 20]
TMD: [0.57216246, 0.57216943, 0.57054847, 0.43133593, 0.32245508, 0.23778709, 0.18224997, 0.14652559, 0.12179494, 0.10350906, 0.089561896, 0.078906438, 0.070626272, 0.064163304, 0.058956785, 0.054679544, 0.051035026, 0.047899191, 0.045256027, 0.042812471, 0.040642236, 0.03873237, 0.036973152, 0.035378946, 0.033887356, 0.032520035, 0.03128235, 0.030118356, 0.02905484, 0.028064048, 0.027152792, 0.026290006, 0.025511958, 0.024735919, 0.024001745, 0.02332447, 0.022694555, 0.022060749, 0.021463114, 0.020882578, 0.020301428, 0.019781358]
