Flavour index: 1
Scale: 5
Bjorken x: 0.1
qT: [0.001, 0.01, 0.1, 1, 1.5, 2, 2.5, 3, 3.5, 4, 4.5, 5, 5.5, 6, 6.5, 7, 7.5, 8, 8.5, 9, 9.5, 10, 10.5, 11, 11.5, 12, 12.5, 13, 13.5, 14, 14.5, 15, 15.5, 16, 16.5, 17, 17.5, 18, 18.5, 19, 19.5, 20]
TMD: [0.62057958, 0.62045733, 0.61849146, 0.4457521, 0.3191846, 0.22979417, 0.17731173, 0.14502042, 0.12161234, 0.10348585, 0.089533513, 0.078917413, 0.070669751, 0.064223312, 0.059020815, 0.054739255, 0.051083335, 0.047934832, 0.045283122, 0.042830901, 0.040654845, 0.038742406, 0.036980929, 0.035385224, 0.033892048, 0.032522936, 0.031284399, 0.030119268, 0.029055377, 0.028064033, 0.027153073, 0.026290406, 0.02551336, 0.024737032, 0.024002613, 0.023325605, 0.022696251, 0.022062007, 0.021464117, 0.020883057, 0.020301664, 0.019781351]
