Flavour index: 1
Scale: 5
Bjorken x: 0.1
qT: [0.001, 0.01, 0.1, 1, 1.5, 2, 2.5, 3, 3.5, 4, 4.5, 5, 5.5, 6, 6.5, 7, 7.5, 8, 8.5, 9, 9.5, 10, 10.5, 11, 11.5, 12, 12.5, 13, 13.5, 14, 14.5, 15, 15.5, 16, 16.5, 17, 17.5, 18, 18.5, 19, 19.5, 20]
TMD: [0.60581085, 0.60569098, 0.60385218, 0.44182308, 0.32025282, 0.23173835, 0.17824286, 0.14520944, 0.12165397, 0.10355141, 0.089594978, 0.078958363, 0.070696052, 0.064238804, 0.059028976, 0.054743134, 0.051085766, 0.04793702, 0.045284708, 0.042832789, 0.04065679, 0.038743889, 0.036982204, 0.035386288, 0.033893113, 0.03252415, 0.031285546, 0.030120508, 0.029056524, 0.028065188, 0.027154, 0.026291185, 0.025513721, 0.024737401, 0.024002988, 0.023325836, 0.022696249, 0.022062097, 0.021464249, 0.020883325, 0.020301982, 0.019781727]
