Flavour index: 1
Scale: 5
Bjorken x: 0.1
qT: [0.001, 0.01, 0.1, 1, 1.5, 2, 2.5, 3, 3.5, 4, 4.5, 5, 5.5, 6, 6.5, 7, 7.5, 8, 8.5, 9, 9.5, 10, 10.5, 11, 11.5, 12, 12.5, 13, 13.5, 14, 14.5, 15, 15.5, 16, 16.5, 17, 17.5, 18, 18.5, 19, 19.5, 20]
TMD: [0.67247464, 0.67246909, 0.66943145, 0.44586381, 0.31074284, 0.228151, 0.17934212, 0.14611976, 0.12163304, 0.10327475, 0.089327608, 0.078725225, 0.070500824, 0.064086386, 0.058912784, 0.054654946, 0.051017403, 0.047882908, 0.045242975, 0.042799013, 0.040629677, 0.038722926, 0.036965406, 0.035372652, 0.033881322, 0.032513529, 0.031276304, 0.030112, 0.029049018, 0.028058263, 0.027148125, 0.026286082, 0.025510004, 0.024733964, 0.023999784, 0.0233232, 0.022694378, 0.022060162, 0.021462349, 0.020881193, 0.020299824, 0.019779502]
