Flavour index: 1
Scale: 5
Bjorken x: 0.1
qT: [0.001, 0.01, 0.1, 1, 1.5, 2, 2.5, 3, 3.5, 4, 4.5, 5, 5.5, 6, 6.5, 7, 7.5, 8, 8.5, 9, 9.5, 10, 10.5, 11, 11.5, 12, 12.5, 13, 13.5, 14, 14.5, 15, 15.5, 16, 16.5, 17, 17.5, 18, 18.5, 19, 19.5, 20]
TMD: [0.56892853, 0.56893388, 0.56723126, 0.42414156, 0.31615458, 0.23468624, 0.18177994, 0.14713581, 0.12256619, 0.10417166, 0.090099677, 0.079342954, 0.070977018, 0.064435458, 0.059163841, 0.05483444, 0.051151021, 0.047986642, 0.045320674, 0.042862834, 0.040682468, 0.038764122, 0.036999257, 0.0354006, 0.033906001, 0.032536671, 0.031296776, 0.03013151, 0.029066476, 0.028074785, 0.027162028, 0.026298102, 0.025518124, 0.024741585, 0.024006996, 0.023328887, 0.022697888, 0.022064083, 0.021466337, 0.020886044, 0.020304898, 0.019784885]
