Flavour index: 1
Scale: 5
Bjorken x: 0.1
qT: [0.001, 0.01, 0.1, 1, 1.5, 2, 2.5, 3, 3.5, 4, 4.5, 5, 5.5, 6, 6.5, 7, 7.5, 8, 8.5, 9, 9.5, 10, 10.5, 11, 11.5, 12, 12.5, 13, 13.5, 14, 14.5, 15, 15.5, 16, 16.5, 17, 17.5, 18, 18.5, 19, 19.5, 20]
TMD: [0.57739053, 0.57727622, 0.57566814, 0.4299874, 0.31632406, 0.23026498, 0.17712175, 0.14474645, 0.12197006, 0.10421581, 0.090207467, 0.07954284, 0.071232725, 0.064687246, 0.059391856, 0.055030481, 0.051312907, 0.048116071, 0.04542258, 0.042942721, 0.040745097, 0.038813941, 0.037039241, 0.035433096, 0.033932728, 0.032558643, 0.031315083, 0.030146814, 0.029079499, 0.028085932, 0.02717183, 0.026306773, 0.025526007, 0.02474858, 0.024013249, 0.02333461, 0.02270321, 0.022068876, 0.021470706, 0.020890015, 0.020308558, 0.01978829]
