Flavour index: 1
Scale: 5
Bjorken x: 0.1
qT: [0.001, 0.01, 0.1, 1, 1.5, 2, 2.5, 3, 3.5, 4, 4.5, 5, 5.5, 6, 6.5, 7, 7.5, 8, 8.5, 9, 9.5, 10, 10.5, 11, 11.5, 12, 12.5, 13, 13.5, 14, 14.5, 15, 15.5, 16, 16.5, 17, 17.5, 18, 18.5, 19, 19.5, 20]
TMD: [0.60522714, 0.60510721, 0.60326884, 0.4404113, 0.32011157, 0.23298808, 0.17952901, 0.14574268, 0.12168066, 0.10346094, 0.089507222, 0.078874323, 0.070616911, 0.064169429, 0.058970779, 0.05469592, 0.051048841, 0.047908733, 0.045262956, 0.04281616, 0.040643969, 0.038733822, 0.036974148, 0.035379727, 0.033887657, 0.032519602, 0.031281723, 0.030117258, 0.029053728, 0.028062749, 0.027151848, 0.026289272, 0.025512019, 0.024735878, 0.024001616, 0.023324591, 0.022695119, 0.022061066, 0.0214633, 0.020882441, 0.020301155, 0.019780943]
