Flavour index: 1
Scale: 5
Bjorken x: 0.1
qT: [0.001, 0.01, 0.1, 1, 1.5, 2, 2.5, 3, 3.5, 4, 4.5, 5, 5.5, 6, 6.5, 7, 7.5, 8, 8.5, 9, 9.5, 10, 10.5, 11, 11.5, 12, 12.5, 13, 13.5, 14, 14.5, 15, 15.5, 16, 16.5, 17, 17.5, 18, 18.5, 19, 19.5, 20]
TMD: [0.68982032, 0.68981709, 0.6867966, 0.46380821, 0.31540802, 0.22311135, 0.17470549, 0.14451865, 0.12113529, 0.1028783, 0.089029147, 0.078538702, 0.07038173, 0.064015447, 0.058874413, 0.054636078, 0.051006899, 0.047875834, 0.045238356, 0.042792998, 0.04062281, 0.038717785, 0.036960636, 0.035368472, 0.033895456, 0.032508714, 0.031271755, 0.030107072, 0.029044434, 0.028053613, 0.027144356, 0.026282898, 0.02550847, 0.024732411, 0.02399821, 0.023322206, 0.022694313, 0.02205974, 0.021461766, 0.020880077, 0.020298508, 0.019777961]
