Flavour index: 1
Scale: 5
Bjorken x: 0.1
qT: [0.001, 0.01, 0.1, 1, 1.5, 2, 2.5, 3, 3.5, 4, 4.5, 5, 5.5, 6, 6.5, 7, 7.5, 8, 8.5, 9, 9.5, 10, 10.5, 11, 11.5, 12, 12.5, 13, 13.5, 14, 14.5, 15, 15.5, 16, 16.5, 17, 17.5, 18, 18.5, 19, 19.5, 20]
TMD: [0.56253991, 0.56242869, 0.56088845, 0.42177312, 0.31394503, 0.2318033, 0.17949627, 0.14623908, 0.12258696, 0.10450154, 0.09048084, 0.079712528, 0.071312927, 0.064723852, 0.059402581, 0.055026525, 0.051303211, 0.048105993, 0.045412488, 0.042934741, 0.040739301, 0.038809031, 0.037035554, 0.035430272, 0.033930873, 0.032557941, 0.031314852, 0.03014732, 0.029080202, 0.028087012, 0.02717263, 0.026307423, 0.025525821, 0.024748539, 0.024013331, 0.023334432, 0.022702546, 0.022068493, 0.021470476, 0.020890153, 0.020308861, 0.019788763]
