Flavour index: 1
Scale: 5
Bjorken x: 0.1
qT: [0.001, 0.01, 0.1, 1, 1.5, 2, 2.5, 3, 3.5, 4, 4.5, 5, 5.5, 6, 6.5, 7, 7.5, 8, 8.5, 9, 9.5, 10, 10.5, 11, 11.5, 12, 12.5, 13, 13.5, 14, 14.5, 15, 15.5, 16, 16.5, 17, 17.5, 18, 18.5, 19, 19.5, 20]
TMD: [0.58908852, 0.58909332, 0.5872551, 0.4337281, 0.31912772, 0.23442504, 0.18090404, 0.14645898, 0.12202361, 0.10369314, 0.089686548, 0.079005176, 0.070709913, 0.0642327, 0.059012768, 0.054723384, 0.051068035, 0.047923319, 0.045273556, 0.04282529, 0.040651973, 0.038740137, 0.036979519, 0.035384255, 0.033891797, 0.032523716, 0.03128544, 0.03012096, 0.029057091, 0.028066023, 0.027154571, 0.02629161, 0.025513442, 0.024737243, 0.024002935, 0.023325568, 0.022695583, 0.022061672, 0.021463956, 0.020883342, 0.020302136, 0.019782021]
