Flavour index: 1
Scale: 5
Bjorken x: 0.1
qT: [0.001, 0.01, 0.1, 1, 1.5, 2, 2.5, 3, 3.5, 4, 4.5, 5, 5.5, 6, 6.5, 7, 7.5, 8, 8.5, 9, 9.5, 10, 10.5, 11, 11.5, 12, 12.5, 13, 13.5, 14, 14.5, 15, 15.5, 16, 16.5, 17, 17.5, 18, 18.5, 19, 19.5, 20]
TMD: [0.51274745, 0.51275762, 0.51153396, 0.40774495, 0.31890437, 0.24249554, 0.18679799, 0.14900406, 0.12302859, 0.10429407, 0.090147458, 0.079389209, 0.070991127, 0.064422212, 0.059136081, 0.054800154, 0.051123655, 0.047967314, 0.045306474, 0.042853046, 0.040678545, 0.038760925, 0.03699705, 0.035398875, 0.033905204, 0.03253727, 0.031297763, 0.03013341, 0.029068436, 0.028077142, 0.027163737, 0.02629943, 0.025517969, 0.024741623, 0.024007204, 0.02332863, 0.022696803, 0.022063462, 0.021465963, 0.020886277, 0.020305389, 0.019785644]
