Flavour index: 1
Scale: 5
Bjorken x: 0.1
qT: [0.001, 0.01, 0.1, 1, 1.5, 2, 2.5, 3, 3.5, 4, 4.5, 5, 5.5, 6, 6.5, 7, 7.5, 8, 8.5, 9, 9.5, 10, 10.5, 11, 11.5, 12, 12.5, 13, 13.5, 14, 14.5, 15, 15.5, 16, 16.5, 17, 17.5, 18, 18.5, 19, 19.5, 20]
TMD: [0.61389846, 0.61377751, 0.61186541, 0.44301406, 0.31843567, 0.22964593, 0.1770857, 0.14477604, 0.12151485, 0.10353226, 0.089647886, 0.079047972, 0.070795818, 0.064335412, 0.059116007, 0.054817559, 0.051146956, 0.047986054, 0.045323411, 0.042863093, 0.040680644, 0.03876287, 0.036997477, 0.035398713, 0.033903321, 0.032532604, 0.031292618, 0.030126483, 0.029061634, 0.028069607, 0.02715787, 0.026294599, 0.025516753, 0.024740101, 0.024005412, 0.02332803, 0.022698244, 0.022063913, 0.021465915, 0.020884869, 0.020303423, 0.019783082]
