Flavour index: 1
Scale: 5
Bjorken x: 0.1
qT: [0.001, 0.01, 0.1, 1, 1.5, 2, 2.5, 3, 3.5, 4, 4.5, 5, 5.5, 6, 6.5, 7, 7.5, 8, 8.5, 9, 9.5, 10, 10.5, 11, 11.5, 12, 12.5, 13, 13.5, 14, 14.5, 15, 15.5, 16, 16.5, 17, 17.5, 18, 18.5, 19, 19.5, 20]
TMD: [0.59899072, 0.59887182, 0.59713435, 0.4414297, 0.32168622, 0.2323035, 0.17761769, 0.14437883, 0.12117585, 0.10337339, 0.089554966, 0.078949844, 0.070751173, 0.064307129, 0.059098803, 0.054808406, 0.051143708, 0.047986489, 0.045325702, 0.04286628, 0.040683822, 0.038765609, 0.036999687, 0.035400451, 0.033904721, 0.032533747, 0.031293547, 0.030127241, 0.029062236, 0.028070068, 0.027158218, 0.026294865, 0.025516948, 0.024740262, 0.024005546, 0.023328135, 0.022698325, 0.022063989, 0.021465983, 0.020884934, 0.020303478, 0.01978313]
