Flavour index: 1
Scale: 5
Bjorken x: 0.1
qT: [0.001, 0.01, 0.1, 1, 1.5, 2, 2.5, 3, 3.5, 4, 4.5, 5, 5.5, 6, 6.5, 7, 7.5, 8, 8.5, 9, 9.5, 10, 10.5, 11, 11.5, 12, 12.5, 13, 13.5, 14, 14.5, 15, 15.5, 16, 16.5, 17, 17.5, 18, 18.5, 19, 19.5, 20]
TMD: [0.64360379, 0.64347932, 0.64085034, 0.43855782, 0.30458216, 0.22065388, 0.17504258, 0.14540312, 0.12226844, 0.10416671, 0.090280435, 0.079637342, 0.071306866, 0.064762415, 0.059463182, 0.055091964, 0.051361136, 0.04815256, 0.045449879, 0.042961463, 0.040759085, 0.038825339, 0.037048556, 0.035440855, 0.033938784, 0.032563152, 0.031318675, 0.030149432, 0.029081649, 0.028087582, 0.027173459, 0.026308308, 0.025527955, 0.024750239, 0.024014667, 0.023336085, 0.022704915, 0.02207027, 0.021471902, 0.02089087, 0.020309251, 0.019788817]
