Flavour index: 1
Scale: 5
Bjorken x: 0.1
qT: [0.001, 0.01, 0.1, 1, 1.5, 2, 2.5, 3, 3.5, 4, 4.5, 5, 5.5, 6, 6.5, 7, 7.5, 8, 8.5, 9, 9.5, 10, 10.5, 11, 11.5, 12, 12.5, 13, 13.5, 14, 14.5, 15, 15.5, 16, 16.5, 17, 17.5, 18, 18.5, 19, 19.5, 20]
TMD: [0.6573032, 0.65717464, 0.65472013, 0.4522319, 0.31505931, 0.22626853, 0.1767923, 0.14529924, 0.12156257, 0.10327964, 0.089358512, 0.078779213, 0.070557669, 0.064139181, 0.058959221, 0.054693761, 0.051048528, 0.047907591, 0.04526183, 0.042813089, 0.040640085, 0.03873095, 0.036971652, 0.035377665, 0.033885401, 0.032516759, 0.031278962, 0.030114121, 0.029050796, 0.02805973, 0.027149464, 0.026287296, 0.025511261, 0.024735064, 0.024000752, 0.023324138, 0.022695345, 0.022060995, 0.021463088, 0.020881805, 0.020300359, 0.019779968]
