Flavour index: 1
Scale: 5
Bjorken x: 0.1
qT: [0.001, 0.01, 0.1, 1, 1.5, 2, 2.5, 3, 3.5, 4, 4.5, 5, 5.5, 6, 6.5, 7, 7.5, 8, 8.5, 9, 9.5, 10, 10.5, 11, 11.5, 12, 12.5, 13, 13.5, 14, 14.5, 15, 15.5, 16, 16.5, 17, 17.5, 18, 18.5, 19, 19.5, 20]
TMD: [0.59372528, 0.59360834, 0.59183056, 0.43461358, 0.31606195, 0.22958084, 0.17749363, 0.14537851, 0.1222072, 0.10413352, 0.090030581, 0.079387057, 0.071052944, 0.064524017, 0.059251477, 0.054913568, 0.051216307, 0.048037327, 0.045360226, 0.042892122, 0.040704195, 0.038781302, 0.037012755, 0.035411466, 0.033914613, 0.032543114, 0.031301897, 0.030135263, 0.029069505, 0.028077057, 0.027164209, 0.026300126, 0.025520636, 0.024743729, 0.02400883, 0.023330787, 0.022700072, 0.022065875, 0.021467877, 0.020887165, 0.020305796, 0.019785573]
