Flavour index: 1
Scale: 5
Bjorken x: 0.1
qT: [0.001, 0.01, 0.1, 1, 1.5, 2, 2.5, 3, 3.5, 4, 4.5, 5, 5.5, 6, 6.5, 7, 7.5, 8, 8.5, 9, 9.5, 10, 10.5, 11, 11.5, 12, 12.5, 13, 13.5, 14, 14.5, 15, 15.5, 16, 16.5, 17, 17.5, 18, 18.5, 19, 19.5, 20]
TMD: [0.65028753, 0.65015842, 0.6480343, 0.46246528, 0.32738553, 0.23255615, 0.17729242, 0.14386797, 0.12024863, 0.1022793, 0.088536181, 0.078075179, 0.070028167, 0.063731214, 0.058649892, 0.054463825, 0.050877154, 0.047778946, 0.045167183, 0.042739673, 0.040581472, 0.038684596, 0.036933394, 0.03534582, 0.033857967, 0.032492242, 0.031257681, 0.030094695, 0.029033593, 0.028043832, 0.027135778, 0.026275291, 0.025502112, 0.024726657, 0.02399296, 0.023317583, 0.022690398, 0.022056048, 0.021458306, 0.020876663, 0.020295208, 0.019774732]
