Flavour index: 1
Scale: 5
Bjorken x: 0.1
qT: [0.001, 0.01, 0.1, 1, 1.5, 2, 2.5, 3, 3.5, 4, 4.5, 5, 5.5, 6, 6.5, 7, 7.5, 8, 8.5, 9, 9.5, 10, 10.5, 11, 11.5, 12, 12.5, 13, 13.5, 14, 14.5, 15, 15.5, 16, 16.5, 17, 17.5, 18, 18.5, 19, 19.5, 20]
TMD: [0.61602287, 0.61590067, 0.61398092, 0.44524763, 0.32188835, 0.23343562, 0.17950492, 0.14549577, 0.12133906, 0.10313536, 0.089229699, 0.078647765, 0.070436791, 0.064031362, 0.058866812, 0.054618788, 0.050991076, 0.047864862, 0.045230401, 0.042790523, 0.040623366, 0.038717623, 0.036960853, 0.035368721, 0.033878133, 0.032511014, 0.031274241, 0.03011037, 0.029047621, 0.028057085, 0.027147003, 0.026285039, 0.025508878, 0.024732979, 0.023998918, 0.023322351, 0.022693491, 0.022059405, 0.021461679, 0.020880652, 0.020299347, 0.019779088]
