Flavour index: 1
Scale: 5
Bjorken x: 0.1
qT: [0.001, 0.01, 0.1, 1, 1.5, 2, 2.5, 3, 3.5, 4, 4.5, 5, 5.5, 6, 6.5, 7, 7.5, 8, 8.5, 9, 9.5, 10, 10.5, 11, 11.5, 12, 12.5, 13, 13.5, 14, 14.5, 15, 15.5, 16, 16.5, 17, 17.5, 18, 18.5, 19, 19.5, 20]
TMD: [0.60327636, 0.60315738, 0.60132096, 0.43952592, 0.3180905, 0.22993941, 0.17711242, 0.14475546, 0.12162032, 0.10369704, 0.089731296, 0.079150577, 0.070908744, 0.064426886, 0.059188216, 0.054873719, 0.051190995, 0.048020802, 0.045350149, 0.04288461, 0.040698091, 0.038776701, 0.037008774, 0.035408001, 0.033911249, 0.03253961, 0.031298656, 0.030131938, 0.029066422, 0.028073975, 0.027161603, 0.026297852, 0.02551923, 0.024742368, 0.024007505, 0.023329788, 0.022699575, 0.022065241, 0.021467196, 0.020886242, 0.020304791, 0.019784468]
