Flavour index: 1
Scale: 5
Bjorken x: 0.1
qT: [0.001, 0.01, 0.1, 1, 1.5, 2, 2.5, 3, 3.5, 4, 4.5, 5, 5.5, 6, 6.5, 7, 7.5, 8, 8.5, 9, 9.5, 10, 10.5, 11, 11.5, 12, 12.5, 13, 13.5, 14, 14.5, 15, 15.5, 16, 16.5, 17, 17.5, 18, 18.5, 19, 19.5, 20]
TMD: [0.50204495, 0.50205459, 0.50095405, 0.40027238, 0.31369092, 0.23914642, 0.18506129, 0.14854266, 0.12333179, 0.10490059, 0.090823001, 0.079974099, 0.071488044, 0.064828276, 0.059460537, 0.05505616, 0.051320831, 0.048120082, 0.045422578, 0.042944192, 0.040750578, 0.038817757, 0.037043224, 0.035436801, 0.0339373, 0.032565194, 0.031321698, 0.030154704, 0.029087059, 0.028093951, 0.02717825, 0.026312165, 0.025528133, 0.024750869, 0.024015686, 0.023335932, 0.022702683, 0.022069151, 0.021471365, 0.020891818, 0.020310817, 0.019791042]
