Flavour index: 1
Scale: 5
Bjorken x: 0.1
qT: [0.001, 0.01, 0.1, 1, 1.5, 2, 2.5, 3, 3.5, 4, 4.5, 5, 5.5, 6, 6.5, 7, 7.5, 8, 8.5, 9, 9.5, 10, 10.5, 11, 11.5, 12, 12.5, 13, 13.5, 14, 14.5, 15, 15.5, 16, 16.5, 17, 17.5, 18, 18.5, 19, 19.5, 20]
TMD: [0.64727125, 0.64727133, 0.64484836, 0.45151742, 0.31611256, 0.22598493, 0.17585164, 0.14489802, 0.12162927, 0.10342059, 0.08940485, 0.078893058, 0.070660974, 0.064224948, 0.059028526, 0.054748654, 0.051091398, 0.047940418, 0.045287415, 0.042833115, 0.040655538, 0.038743332, 0.036981609, 0.035385782, 0.033892259, 0.03252268, 0.031284019, 0.030118592, 0.029054696, 0.02806324, 0.0271525, 0.026289962, 0.025513412, 0.024737018, 0.024002541, 0.023325688, 0.022696611, 0.022062211, 0.021464238, 0.020882974, 0.020301497, 0.019781094]
