Flavour index: 1
Scale: 5
Bjorken x: 0.1
qT: [0.001, 0.01, 0.1, 1, 1.5, 2, 2.5, 3, 3.5, 4, 4.5, 5, 5.5, 6, 6.5, 7, 7.5, 8, 8.5, 9, 9.5, 10, 10.5, 11, 11.5, 12, 12.5, 13, 13.5, 14, 14.5, 15, 15.5, 16, 16.5, 17, 17.5, 18, 18.5, 19, 19.5, 20]
TMD: [0.60585208, 0.6058569, 0.60392842, 0.44319608, 0.32355314, 0.23560598, 0.18059446, 0.14568348, 0.12123129, 0.10302401, 0.089149573, 0.078582187, 0.07038121, 0.063985195, 0.058829272, 0.054589189, 0.050968705, 0.04784848, 0.045218475, 0.042781853, 0.040616859, 0.038712459, 0.036956652, 0.035365229, 0.033875224, 0.032508633, 0.031272252, 0.030108722, 0.029046205, 0.028055863, 0.027145892, 0.026284033, 0.025507909, 0.02473212, 0.02399815, 0.023321631, 0.022692794, 0.022058788, 0.021461122, 0.020880161, 0.0202989, 0.019778678]
