Flavour index: 1
Scale: 5
Bjorken x: 0.1
qT: [0.001, 0.01, 0.1, 1, 1.5, 2, 2.5, 3, 3.5, 4, 4.5, 5, 5.5, 6, 6.5, 7, 7.5, 8, 8.5, 9, 9.5, 10, 10.5, 11, 11.5, 12, 12.5, 13, 13.5, 14, 14.5, 15, 15.5, 16, 16.5, 17, 17.5, 18, 18.5, 19, 19.5, 20]
TMD: [0.70406066, 0.70405539, 0.7007788, 0.46402392, 0.31408276, 0.22415307, 0.17611497, 0.14477788, 0.12086417, 0.10265221, 0.088855898, 0.07837741, 0.070244679, 0.063906358, 0.058788456, 0.054569903, 0.050957013, 0.047836946, 0.045209081, 0.042770588, 0.04060533, 0.038703729, 0.036949277, 0.035359156, 0.033887569, 0.032501778, 0.031265794, 0.030101741, 0.029039756, 0.028049355, 0.027140674, 0.026279662, 0.025505904, 0.024730071, 0.023996058, 0.023320358, 0.022692837, 0.022058306, 0.021460401, 0.020878666, 0.02029712, 0.019776576]
