Flavour index: 1
Scale: 5
Bjorken x: 0.1
qT: [0.001, 0.01, 0.1, 1, 1.5, 2, 2.5, 3, 3.5, 4, 4.5, 5, 5.5, 6, 6.5, 7, 7.5, 8, 8.5, 9, 9.5, 10, 10.5, 11, 11.5, 12, 12.5, 13, 13.5, 14, 14.5, 15, 15.5, 16, 16.5, 17, 17.5, 18, 18.5, 19, 19.5, 20]
TMD: [0.60195316, 0.60195218, 0.59959108, 0.42179687, 0.30960814, 0.23337777, 0.18296721, 0.14799147, 0.12286601, 0.10422693, 0.090075507, 0.079298962, 0.0709312, 0.064394667, 0.059129436, 0.054805662, 0.051127073, 0.047966995, 0.045305133, 0.042850614, 0.040673084, 0.038757004, 0.036993776, 0.035396273, 0.0339024, 0.032533618, 0.031294182, 0.030129263, 0.029064546, 0.028073106, 0.027160582, 0.026296838, 0.025517065, 0.02474063, 0.024006129, 0.02332812, 0.022697228, 0.022063463, 0.021465759, 0.020885478, 0.020304361, 0.019784367]
