Flavour index: 1
Scale: 5
Bjorken x: 0.1
qT: [0.001, 0.01, 0.1, 1, 1.5, 2, 2.5, 3, 3.5, 4, 4.5, 5, 5.5, 6, 6.5, 7, 7.5, 8, 8.5, 9, 9.5, 10, 10.5, 11, 11.5, 12, 12.5, 13, 13.5, 14, 14.5, 15, 15.5, 16, 16.5, 17, 17.5, 18, 18.5, 19, 19.5, 20]
TMD: [0.65560907, 0.65548209, 0.65278579, 0.44502802, 0.30708341, 0.22079333, 0.17447246, 0.14486372, 0.12184012, 0.10380283, 0.089975402, 0.079394455, 0.071118101, 0.064620624, 0.059358659, 0.05501603, 0.051305095, 0.048110367, 0.045418941, 0.042937009, 0.040739304, 0.038809837, 0.037035787, 0.035430264, 0.033929544, 0.032554673, 0.031311235, 0.030142468, 0.029075436, 0.028081752, 0.027168495, 0.026303981, 0.025524859, 0.024747359, 0.024011965, 0.023333886, 0.022703407, 0.02206868, 0.021470326, 0.020889064, 0.020307398, 0.019786888]
