Flavour index: 1
Scale: 5
Bjorken x: 0.1
qT: [0.001, 0.01, 0.1, 1, 1.5, 2, 2.5, 3, 3.5, 4, 4.5, 5, 5.5, 6, 6.5, 7, 7.5, 8, 8.5, 9, 9.5, 10, 10.5, 11, 11.5, 12, 12.5, 13, 13.5, 14, 14.5, 15, 15.5, 16, 16.5, 17, 17.5, 18, 18.5, 19, 19.5, 20]
TMD: [0.5787556, 0.57863999, 0.57709318, 0.43520813, 0.32277647, 0.23547804, 0.17975409, 0.14524969, 0.12150559, 0.10355851, 0.089662007, 0.078987925, 0.07074397, 0.064275126, 0.05905562, 0.05476289, 0.051102325, 0.047951508, 0.045296312, 0.042843341, 0.040665901, 0.038751, 0.036987974, 0.035390953, 0.033897199, 0.032528033, 0.031288988, 0.030123828, 0.029059483, 0.028067976, 0.027156294, 0.026293135, 0.025514929, 0.024738547, 0.024004086, 0.023326655, 0.022696663, 0.022062618, 0.021464803, 0.020884068, 0.020302779, 0.019782592]
