Flavour index: 1
Scale: 5
Bjorken x: 0.1
qT: [0.001, 0.01, 0.1, 1, 1.5, 2, 2.5, 3, 3.5, 4, 4.5, 5, 5.5, 6, 6.5, 7, 7.5, 8, 8.5, 9, 9.5, 10, 10.5, 11, 11.5, 12, 12.5, 13, 13.5, 14, 14.5, 15, 15.5, 16, 16.5, 17, 17.5, 18, 18.5, 19, 19.5, 20]
TMD: [0.62914029, 0.6290158, 0.62704531, 0.45383414, 0.32408629, 0.23085318, 0.17635969, 0.14395744, 0.12096045, 0.10304189, 0.089085359, 0.07857975, 0.07043553, 0.064048784, 0.058892229, 0.054646022, 0.051014743, 0.047883065, 0.04524496, 0.042800701, 0.040630252, 0.038722988, 0.036964808, 0.035371775, 0.033880317, 0.03251216, 0.031274939, 0.030110412, 0.029047473, 0.028056613, 0.027146755, 0.026284903, 0.025509419, 0.024733372, 0.023999182, 0.023322813, 0.022694338, 0.022059993, 0.02146212, 0.020880772, 0.020299319, 0.019778911]
