Flavour index: 1
Scale: 5
Bjorken x: 0.1
qT: [0.001, 0.01, 0.1, 1, 1.5, 2, 2.5, 3, 3.5, 4, 4.5, 5, 5.5, 6, 6.5, 7, 7.5, 8, 8.5, 9, 9.5, 10, 10.5, 11, 11.5, 12, 12.5, 13, 13.5, 14, 14.5, 15, 15.5, 16, 16.5, 17, 17.5, 18, 18.5, 19, 19.5, 20]
TMD: [0.6167764, 0.61678107, 0.61479204, 0.44898703, 0.32550181, 0.23532708, 0.1798169, 0.14510485, 0.12084201, 0.10273033, 0.088922308, 0.078375743, 0.070249199, 0.063888656, 0.058759967, 0.054539934, 0.050932752, 0.047821345, 0.045198567, 0.042765768, 0.04060354, 0.038701944, 0.036947887, 0.035357909, 0.03386876, 0.032502593, 0.031266917, 0.030103654, 0.029041665, 0.02805156, 0.027142252, 0.026280873, 0.025505734, 0.024730084, 0.023996229, 0.0233201, 0.022691817, 0.022057718, 0.021460042, 0.020878873, 0.020297559, 0.019777262]
