Flavour index: 1
Scale: 5
Bjorken x: 0.1
qT: [0.001, 0.01, 0.1, 1, 1.5, 2, 2.5, 3, 3.5, 4, 4.5, 5, 5.5, 6, 6.5, 7, 7.5, 8, 8.5, 9, 9.5, 10, 10.5, 11, 11.5, 12, 12.5, 13, 13.5, 14, 14.5, 15, 15.5, 16, 16.5, 17, 17.5, 18, 18.5, 19, 19.5, 20]
TMD: [0.65045302, 0.65045142, 0.64782968, 0.44640487, 0.31441257, 0.22911236, 0.17907771, 0.14600392, 0.12164038, 0.10328951, 0.089341899, 0.078737278, 0.070509098, 0.064090747, 0.058914664, 0.054655837, 0.051018307, 0.047884121, 0.045244104, 0.042800206, 0.040630729, 0.038723649, 0.036965941, 0.035373056, 0.033881733, 0.032513994, 0.031276744, 0.030112475, 0.029049451, 0.0280587, 0.02714847, 0.026286368, 0.025510127, 0.024734092, 0.023999916, 0.023323277, 0.022694366, 0.022060187, 0.02146239, 0.020881289, 0.020299939, 0.019779639]
