Flavour index: 1
Scale: 5
Bjorken x: 0.1
qT: [0.001, 0.01, 0.1, 1, 1.5, 2, 2.5, 3, 3.5, 4, 4.5, 5, 5.5, 6, 6.5, 7, 7.5, 8, 8.5, 9, 9.5, 10, 10.5, 11, 11.5, 12, 12.5, 13, 13.5, 14, 14.5, 15, 15.5, 16, 16.5, 17, 17.5, 18, 18.5, 19, 19.5, 20]
TMD: [0.6191698, 0.61916857, 0.61670703, 0.43088293, 0.31299307, 0.2333887, 0.18202013, 0.14714489, 0.12222073, 0.10371642, 0.089669926, 0.078983494, 0.070689653, 0.064215817, 0.058999072, 0.054711848, 0.051058159, 0.04791498, 0.045266888, 0.042820049, 0.040648052, 0.038737263, 0.03697739, 0.035382614, 0.033890411, 0.032522539, 0.031284437, 0.030120095, 0.029056357, 0.028065395, 0.027154033, 0.02629114, 0.025513046, 0.024736886, 0.024002611, 0.023325279, 0.02269533, 0.022061437, 0.021463737, 0.020883128, 0.020301937, 0.01978183]
