Flavour index: 1
Scale: 5
Bjorken x: 0.1
qT: [0.001, 0.01, 0.1, 1, 1.5, 2, 2.5, 3, 3.5, 4, 4.5, 5, 5.5, 6, 6.5, 7, 7.5, 8, 8.5, 9, 9.5, 10, 10.5, 11, 11.5, 12, 12.5, 13, 13.5, 14, 14.5, 15, 15.5, 16, 16.5, 17, 17.5, 18, 18.5, 19, 19.5, 20]
TMD: [0.61617434, 0.61605302, 0.61403974, 0.441394, 0.31700079, 0.22994879, 0.17824526, 0.14561604, 0.12185798, 0.10364218, 0.089673082, 0.079026879, 0.070749955, 0.064280732, 0.05906126, 0.054767295, 0.051103462, 0.047950412, 0.04529417, 0.042839846, 0.040662349, 0.038748343, 0.036985932, 0.03538943, 0.033895785, 0.0325265, 0.031287575, 0.030122333, 0.02905814, 0.028066674, 0.027155296, 0.02629233, 0.025514638, 0.024738237, 0.024003757, 0.023326498, 0.022696782, 0.022062612, 0.021464739, 0.020883828, 0.020302478, 0.019782222]
