Flavour index: 1
Scale: 5
Bjorken x: 0.1
qT: [0.001, 0.01, 0.1, 1, 1.5, 2, 2.5, 3, 3.5, 4, 4.5, 5, 5.5, 6, 6.5, 7, 7.5, 8, 8.5, 9, 9.5, 10, 10.5, 11, 11.5, 12, 12.5, 13, 13.5, 14, 14.5, 15, 15.5, 16, 16.5, 17, 17.5, 18, 18.5, 19, 19.5, 20]
TMD: [0.58730744, 0.58731381, 0.5855996, 0.43956836, 0.32350058, 0.23390737, 0.17799201, 0.14440775, 0.12139872, 0.10364575, 0.089632718, 0.078994574, 0.070750658, 0.064286902, 0.059068007, 0.054773975, 0.051110896, 0.047957212, 0.045299971, 0.042845301, 0.04066681, 0.038751719, 0.036988472, 0.035391356, 0.033897456, 0.032527957, 0.031288807, 0.030123421, 0.029059055, 0.028067455, 0.027155932, 0.026292867, 0.02551501, 0.024738582, 0.024004079, 0.023326757, 0.022696956, 0.022062799, 0.021464923, 0.020884046, 0.020302693, 0.019782444]
