Flavour index: 1
Scale: 5
Bjorken x: 0.1
qT: [0.001, 0.01, 0.1, 1, 1.5, 2, 2.5, 3, 3.5, 4, 4.5, 5, 5.5, 6, 6.5, 7, 7.5, 8, 8.5, 9, 9.5, 10, 10.5, 11, 11.5, 12, 12.5, 13, 13.5, 14, 14.5, 15, 15.5, 16, 16.5, 17, 17.5, 18, 18.5, 19, 19.5, 20]
TMD: [0.71523487, 0.71522291, 0.71150337, 0.44996304, 0.30778016, 0.22698692, 0.17910582, 0.14575545, 0.1212515, 0.1029473, 0.08905766, 0.078513467, 0.070339912, 0.06396953, 0.058829199, 0.054595232, 0.050973139, 0.047848794, 0.045217555, 0.042778361, 0.040612692, 0.03870968, 0.036954506, 0.035363624, 0.033873331, 0.032506038, 0.031269676, 0.030105691, 0.029043371, 0.028052915, 0.027143615, 0.026282177, 0.025507346, 0.024731473, 0.023997429, 0.023321334, 0.02269321, 0.022058868, 0.021461037, 0.020879609, 0.020298172, 0.019777752]
