Flavour index: 1
Scale: 5
Bjorken x: 0.1
qT: [0.001, 0.01, 0.1, 1, 1.5, 2, 2.5, 3, 3.5, 4, 4.5, 5, 5.5, 6, 6.5, 7, 7.5, 8, 8.5, 9, 9.5, 10, 10.5, 11, 11.5, 12, 12.5, 13, 13.5, 14, 14.5, 15, 15.5, 16, 16.5, 17, 17.5, 18, 18.5, 19, 19.5, 20]
TMD: [0.5410111, 0.54101972, 0.53957522, 0.4192034, 0.32036073, 0.23929063, 0.18366697, 0.14734191, 0.12238769, 0.10403478, 0.090015418, 0.079274969, 0.07091555, 0.064380262, 0.059116421, 0.054795696, 0.05112158, 0.047965517, 0.045305446, 0.04285008, 0.040674826, 0.038757964, 0.036994232, 0.035396397, 0.0339026, 0.032534084, 0.031294693, 0.03012995, 0.02906518, 0.028073754, 0.027161017, 0.02629715, 0.025516985, 0.024740601, 0.024006144, 0.023328017, 0.022696919, 0.022063278, 0.021465638, 0.020885516, 0.020304457, 0.019784528]
