Flavour index: 1
Scale: 5
Bjorken x: 0.1
qT: [0.001, 0.01, 0.1, 1, 1.5, 2, 2.5, 3, 3.5, 4, 4.5, 5, 5.5, 6, 6.5, 7, 7.5, 8, 8.5, 9, 9.5, 10, 10.5, 11, 11.5, 12, 12.5, 13, 13.5, 14, 14.5, 15, 15.5, 16, 16.5, 17, 17.5, 18, 18.5, 19, 19.5, 20]
TMD: [0.62406599, 0.62406721, 0.62183625, 0.4422839, 0.31420164, 0.2266259, 0.17642734, 0.14519022, 0.12196112, 0.10382448, 0.089865654, 0.079223877, 0.070933879, 0.064440904, 0.059195521, 0.054875918, 0.051189451, 0.048016875, 0.045345488, 0.042879576, 0.04069349, 0.038772988, 0.037005843, 0.035405721, 0.033909359, 0.032537962, 0.031297264, 0.030130697, 0.029065376, 0.02807307, 0.027160886, 0.026297268, 0.025518858, 0.024742029, 0.024007194, 0.023329556, 0.022699447, 0.02206509, 0.021467041, 0.020886045, 0.020304589, 0.019784256]
