Flavour index: 1
Scale: 5
Bjorken x: 0.1
qT: [0.001, 0.01, 0.1, 1, 1.5, 2, 2.5, 3, 3.5, 4, 4.5, 5, 5.5, 6, 6.5, 7, 7.5, 8, 8.5, 9, 9.5, 10, 10.5, 11, 11.5, 12, 12.5, 13, 13.5, 14, 14.5, 15, 15.5, 16, 16.5, 17, 17.5, 18, 18.5, 19, 19.5, 20]
TMD: [0.57753152, 0.57753684, 0.57578214, 0.42878363, 0.31838021, 0.23548356, 0.18186852, 0.14690284, 0.12223232, 0.10384473, 0.089813915, 0.079105885, 0.070786144, 0.064287247, 0.05905095, 0.054749844, 0.051087279, 0.047938133, 0.045284557, 0.042834494, 0.040659778, 0.038746271, 0.036984633, 0.035388511, 0.033895591, 0.032527355, 0.031288687, 0.030124112, 0.029059932, 0.028068746, 0.02715685, 0.026293573, 0.025514711, 0.024738444, 0.024004081, 0.023326448, 0.022696074, 0.022062254, 0.021464563, 0.020884117, 0.020302962, 0.019782911]
