Flavour index: 1
Scale: 5
Bjorken x: 0.1
qT: [0.001, 0.01, 0.1, 1, 1.5, 2, 2.5, 3, 3.5, 4, 4.5, 5, 5.5, 6, 6.5, 7, 7.5, 8, 8.5, 9, 9.5, 10, 10.5, 11, 11.5, 12, 12.5, 13, 13.5, 14, 14.5, 15, 15.5, 16, 16.5, 17, 17.5, 18, 18.5, 19, 19.5, 20]
TMD: [0.64770039, 0.64791226, 0.64546757, 0.45255525, 0.31961469, 0.230422, 0.1784282, 0.1452819, 0.12115818, 0.10291174, 0.089035398, 0.078497433, 0.070323706, 0.063951108, 0.05881112, 0.054580289, 0.050962736, 0.047842607, 0.045213719, 0.042776362, 0.040611401, 0.038708331, 0.036953205, 0.035362414, 0.033872475, 0.032505565, 0.031269372, 0.030105632, 0.029043358, 0.028053008, 0.027143603, 0.026282117, 0.025507016, 0.024731212, 0.023997227, 0.023321062, 0.022692794, 0.022058563, 0.021460795, 0.020879503, 0.020298121, 0.019777761]
