Flavour index: 1
Scale: 5
Bjorken x: 0.1
qT: [0.001, 0.01, 0.1, 1, 1.5, 2, 2.5, 3, 3.5, 4, 4.5, 5, 5.5, 6, 6.5, 7, 7.5, 8, 8.5, 9, 9.5, 10, 10.5, 11, 11.5, 12, 12.5, 13, 13.5, 14, 14.5, 15, 15.5, 16, 16.5, 17, 17.5, 18, 18.5, 19, 19.5, 20]
TMD: [0.55368172, 0.55368944, 0.55220712, 0.42419251, 0.3198622, 0.2360431, 0.18068961, 0.14586057, 0.12201865, 0.10408114, 0.090139725, 0.079380495, 0.071052942, 0.064512441, 0.059234947, 0.054896474, 0.051203386, 0.048029665, 0.045354881, 0.042890087, 0.040703853, 0.038780914, 0.037012554, 0.035411276, 0.033914779, 0.032543952, 0.031302867, 0.030136656, 0.029070854, 0.02807853, 0.027165281, 0.026300959, 0.025520636, 0.024743825, 0.024009009, 0.023330703, 0.02269953, 0.022065584, 0.021467717, 0.020887334, 0.020306098, 0.019786017]
