Flavour index: 1
Scale: 5
Bjorken x: 0.1
qT: [0.001, 0.01, 0.1, 1, 1.5, 2, 2.5, 3, 3.5, 4, 4.5, 5, 5.5, 6, 6.5, 7, 7.5, 8, 8.5, 9, 9.5, 10, 10.5, 11, 11.5, 12, 12.5, 13, 13.5, 14, 14.5, 15, 15.5, 16, 16.5, 17, 17.5, 18, 18.5, 19, 19.5, 20]
TMD: [0.58411707, 0.58400064, 0.58240516, 0.43677163, 0.32201811, 0.23390142, 0.17863368, 0.14487495, 0.1215377, 0.10367046, 0.089750113, 0.079057776, 0.070805975, 0.0643292, 0.059100613, 0.05479904, 0.051130436, 0.047972778, 0.045312189, 0.042855304, 0.040675071, 0.038758255, 0.036993831, 0.035395763, 0.03390121, 0.032531353, 0.031291769, 0.030126169, 0.029061492, 0.028069721, 0.027157849, 0.026294526, 0.0255162, 0.024739682, 0.024005104, 0.023327591, 0.022697532, 0.022063402, 0.02146552, 0.020884722, 0.020303386, 0.019783161]
