Flavour index: 1
Scale: 5
Bjorken x: 0.1
qT: [0.001, 0.01, 0.1, 1, 1.5, 2, 2.5, 3, 3.5, 4, 4.5, 5, 5.5, 6, 6.5, 7, 7.5, 8, 8.5, 9, 9.5, 10, 10.5, 11, 11.5, 12, 12.5, 13, 13.5, 14, 14.5, 15, 15.5, 16, 16.5, 17, 17.5, 18, 18.5, 19, 19.5, 20]
TMD: [0.62063863, 0.62051592, 0.61858731, 0.44909778, 0.32227036, 0.23091233, 0.17697922, 0.14444656, 0.12126021, 0.1032661, 0.089277795, 0.078735029, 0.070553957, 0.064136597, 0.058956506, 0.05469242, 0.05104897, 0.047909072, 0.045264194, 0.042816087, 0.040642856, 0.03873292, 0.036973042, 0.035378631, 0.033886318, 0.032517708, 0.031279821, 0.030115007, 0.029051578, 0.028060476, 0.027150032, 0.026287751, 0.025511423, 0.024735239, 0.024000937, 0.023324228, 0.022695279, 0.022061, 0.021463126, 0.020881944, 0.020300529, 0.019780178]
