Flavour index: 1
Scale: 5
Bjorken x: 0.1
qT: [0.001, 0.01, 0.1, 1, 1.5, 2, 2.5, 3, 3.5, 4, 4.5, 5, 5.5, 6, 6.5, 7, 7.5, 8, 8.5, 9, 9.5, 10, 10.5, 11, 11.5, 12, 12.5, 13, 13.5, 14, 14.5, 15, 15.5, 16, 16.5, 17, 17.5, 18, 18.5, 19, 19.5, 20]
TMD: [0.59084517, 0.59084981, 0.58895004, 0.43394851, 0.3194918, 0.23518407, 0.18147384, 0.14658421, 0.12193408, 0.10357101, 0.089580937, 0.078918191, 0.070639361, 0.06417684, 0.058969333, 0.054690263, 0.051042962, 0.047904399, 0.045259544, 0.042814555, 0.040643579, 0.038733547, 0.036974158, 0.035379829, 0.033888019, 0.032520421, 0.031282609, 0.030118438, 0.02905488, 0.02806402, 0.02715283, 0.026290074, 0.025512203, 0.024736115, 0.024001899, 0.023324671, 0.022694852, 0.02206097, 0.02146329, 0.020882663, 0.020301473, 0.019781363]
