Flavour index: 1
Scale: 5
Bjorken x: 0.1
qT: [0.001, 0.01, 0.1, 1, 1.5, 2, 2.5, 3, 3.5, 4, 4.5, 5, 5.5, 6, 6.5, 7, 7.5, 8, 8.5, 9, 9.5, 10, 10.5, 11, 11.5, 12, 12.5, 13, 13.5, 14, 14.5, 15, 15.5, 16, 16.5, 17, 17.5, 18, 18.5, 19, 19.5, 20]
TMD: [0.65555608, 0.65575419, 0.65314444, 0.45210474, 0.3190383, 0.23132713, 0.17919454, 0.14533879, 0.1209758, 0.10275907, 0.088920114, 0.078406973, 0.070253365, 0.063897431, 0.058770622, 0.054550052, 0.050940109, 0.0478256, 0.045201204, 0.04276675, 0.040603846, 0.038702404, 0.036948354, 0.035358385, 0.033868989, 0.032502475, 0.031266698, 0.030103214, 0.029041225, 0.028051047, 0.027141907, 0.026280623, 0.025505851, 0.024730145, 0.023996241, 0.023320222, 0.022692139, 0.022057919, 0.021460179, 0.020878853, 0.020297477, 0.019777113]
