Flavour index: 1
Scale: 5
Bjorken x: 0.1
qT: [0.001, 0.01, 0.1, 1, 1.5, 2, 2.5, 3, 3.5, 4, 4.5, 5, 5.5, 6, 6.5, 7, 7.5, 8, 8.5, 9, 9.5, 10, 10.5, 11, 11.5, 12, 12.5, 13, 13.5, 14, 14.5, 15, 15.5, 16, 16.5, 17, 17.5, 18, 18.5, 19, 19.5, 20]
TMD: [0.5527596, 0.55276756, 0.55124238, 0.4242789, 0.32062927, 0.23704006, 0.1814323, 0.14618569, 0.12205658, 0.10401005, 0.090048552, 0.079290619, 0.070968668, 0.064437464, 0.059171286, 0.054844287, 0.051161556, 0.047996679, 0.045329491, 0.042870113, 0.040688096, 0.038768419, 0.037002461, 0.035403032, 0.033907908, 0.032538145, 0.031297961, 0.030132421, 0.029067198, 0.028075308, 0.027162476, 0.026298489, 0.02551854, 0.024741942, 0.024007302, 0.023329189, 0.022698218, 0.022064361, 0.021466579, 0.020886233, 0.020305049, 0.019785005]
