Flavour index: 1
Scale: 5
Bjorken x: 0.1
qT: [0.001, 0.01, 0.1, 1, 1.5, 2, 2.5, 3, 3.5, 4, 4.5, 5, 5.5, 6, 6.5, 7, 7.5, 8, 8.5, 9, 9.5, 10, 10.5, 11, 11.5, 12, 12.5, 13, 13.5, 14, 14.5, 15, 15.5, 16, 16.5, 17, 17.5, 18, 18.5, 19, 19.5, 20]
TMD: [0.61450034, 0.61437968, 0.61234239, 0.43866158, 0.31469955, 0.22886104, 0.17814576, 0.14587701, 0.12212966, 0.10386639, 0.089862935, 0.079184629, 0.070876963, 0.064379703, 0.059136994, 0.054823985, 0.051146299, 0.04798293, 0.045318362, 0.042858745, 0.040677468, 0.03876028, 0.036995739, 0.035397556, 0.033902766, 0.032532723, 0.031292968, 0.030127247, 0.029062484, 0.028070678, 0.027158737, 0.026295344, 0.025516932, 0.024740344, 0.024005709, 0.023328139, 0.022698019, 0.02206385, 0.021465935, 0.020885116, 0.020303767, 0.019783532]
