Flavour index: 1
Scale: 5
Bjorken x: 0.1
qT: [0.001, 0.01, 0.1, 1, 1.5, 2, 2.5, 3, 3.5, 4, 4.5, 5, 5.5, 6, 6.5, 7, 7.5, 8, 8.5, 9, 9.5, 10, 10.5, 11, 11.5, 12, 12.5, 13, 13.5, 14, 14.5, 15, 15.5, 16, 16.5, 17, 17.5, 18, 18.5, 19, 19.5, 20]
TMD: [0.62877585, 0.62865131, 0.6266014, 0.45017498, 0.32228817, 0.2321989, 0.17859714, 0.14514777, 0.12118525, 0.10298901, 0.089095479, 0.078541871, 0.070356701, 0.063973555, 0.058825983, 0.054590174, 0.050969747, 0.047848679, 0.04521836, 0.042780542, 0.040614987, 0.038711058, 0.036955409, 0.035364203, 0.033874121, 0.032507195, 0.031270843, 0.030107092, 0.029044675, 0.028054279, 0.027144651, 0.02628301, 0.025507545, 0.024731721, 0.023997721, 0.023321423, 0.022692952, 0.022058781, 0.021461035, 0.020879844, 0.020298493, 0.019778172]
