Flavour index: 1
Scale: 5
Bjorken x: 0.1
qT: [0.001, 0.01, 0.1, 1, 1.5, 2, 2.5, 3, 3.5, 4, 4.5, 5, 5.5, 6, 6.5, 7, 7.5, 8, 8.5, 9, 9.5, 10, 10.5, 11, 11.5, 12, 12.5, 13, 13.5, 14, 14.5, 15, 15.5, 16, 16.5, 17, 17.5, 18, 18.5, 19, 19.5, 20]
TMD: [0.56316423, 0.56317263, 0.56161324, 0.43155546, 0.32498997, 0.23884742, 0.18166543, 0.14577419, 0.12151157, 0.10349736, 0.089597278, 0.078906212, 0.070653532, 0.064188396, 0.058978698, 0.054697998, 0.051050172, 0.047911302, 0.045265259, 0.04281713, 0.040647752, 0.038736595, 0.036976423, 0.035381543, 0.03388951, 0.032521813, 0.031283837, 0.030119595, 0.029055887, 0.028064918, 0.027153556, 0.026290683, 0.025512581, 0.024736474, 0.024002243, 0.023324929, 0.022694988, 0.022061139, 0.021463469, 0.0208829, 0.02030172, 0.019781629]
