Flavour index: 1
Scale: 5
Bjorken x: 0.1
qT: [0.001, 0.01, 0.1, 1, 1.5, 2, 2.5, 3, 3.5, 4, 4.5, 5, 5.5, 6, 6.5, 7, 7.5, 8, 8.5, 9, 9.5, 10, 10.5, 11, 11.5, 12, 12.5, 13, 13.5, 14, 14.5, 15, 15.5, 16, 16.5, 17, 17.5, 18, 18.5, 19, 19.5, 20]
TMD: [0.63206694, 0.6320656, 0.62953169, 0.43784003, 0.31577221, 0.23369024, 0.18149551, 0.14653948, 0.1216845, 0.10327914, 0.089323968, 0.07871591, 0.070485313, 0.064064314, 0.058888323, 0.054631909, 0.05099941, 0.047870753, 0.045234428, 0.042794249, 0.040627017, 0.038720671, 0.036963624, 0.035371133, 0.033880345, 0.032513277, 0.031276304, 0.030112476, 0.029049559, 0.028059011, 0.027148599, 0.026286407, 0.025509668, 0.024733745, 0.023999665, 0.023322885, 0.022693698, 0.022059714, 0.021462027, 0.020881163, 0.020299919, 0.019779727]
