Flavour index: 1
Scale: 5
Bjorken x: 0.1
qT: [0.001, 0.01, 0.1, 1, 1.5, 2, 2.5, 3, 3.5, 4, 4.5, 5, 5.5, 6, 6.5, 7, 7.5, 8, 8.5, 9, 9.5, 10, 10.5, 11, 11.5, 12, 12.5, 13, 13.5, 14, 14.5, 15, 15.5, 16, 16.5, 17, 17.5, 18, 18.5, 19, 19.5, 20]
TMD: [0.5792209, 0.5792277, 0.57755172, 0.43543, 0.32326649, 0.23629735, 0.18052873, 0.14567944, 0.12162366, 0.1035293, 0.089584164, 0.078893999, 0.070648829, 0.064188487, 0.058981256, 0.054701362, 0.05105267, 0.047912433, 0.045265909, 0.042819412, 0.040647085, 0.038736157, 0.036976067, 0.035381284, 0.033889184, 0.032521284, 0.031283293, 0.030118923, 0.029055252, 0.028064259, 0.027153059, 0.026290286, 0.0255125, 0.024736366, 0.024002111, 0.0233249, 0.022695133, 0.022061195, 0.021463481, 0.020882794, 0.020301569, 0.019781428]
