Flavour index: 1
Scale: 5
Bjorken x: 0.1
qT: [0.001, 0.01, 0.1, 1, 1.5, 2, 2.5, 3, 3.5, 4, 4.5, 5, 5.5, 6, 6.5, 7, 7.5, 8, 8.5, 9, 9.5, 10, 10.5, 11, 11.5, 12, 12.5, 13, 13.5, 14, 14.5, 15, 15.5, 16, 16.5, 17, 17.5, 18, 18.5, 19, 19.5, 20]
TMD: [0.54624825, 0.54625667, 0.54478616, 0.42191773, 0.32073278, 0.23810675, 0.18229474, 0.14655687, 0.12214218, 0.10401825, 0.090050364, 0.079318377, 0.070962211, 0.064427165, 0.059159807, 0.054833335, 0.051152381, 0.04798965, 0.045324102, 0.042864046, 0.040685414, 0.038766286, 0.037000806, 0.035401703, 0.033906893, 0.032537476, 0.031297469, 0.03013215, 0.029067014, 0.028075239, 0.027162368, 0.026298369, 0.025518255, 0.024741711, 0.024007118, 0.023328962, 0.022697898, 0.022064119, 0.021466383, 0.020886128, 0.020304988, 0.019784988]
