Flavour index: 1
Scale: 5
Bjorken x: 0.1
qT: [0.001, 0.01, 0.1, 1, 1.5, 2, 2.5, 3, 3.5, 4, 4.5, 5, 5.5, 6, 6.5, 7, 7.5, 8, 8.5, 9, 9.5, 10, 10.5, 11, 11.5, 12, 12.5, 13, 13.5, 14, 14.5, 15, 15.5, 16, 16.5, 17, 17.5, 18, 18.5, 19, 19.5, 20]
TMD: [0.7534279, 0.75328093, 0.74987219, 0.48996935, 0.32188293, 0.22201264, 0.17269849, 0.14276947, 0.11949637, 0.10142384, 0.087756078, 0.077555696, 0.06964667, 0.06346428, 0.05846796, 0.054339807, 0.050786872, 0.047708687, 0.045114398, 0.042694047, 0.040542252, 0.038654491, 0.03690842, 0.035325136, 0.033857759, 0.032474011, 0.031241328, 0.03007864, 0.029019107, 0.028029894, 0.027124187, 0.026265341, 0.025495919, 0.024720749, 0.023987281, 0.023313316, 0.022688228, 0.022053328, 0.021455409, 0.020872791, 0.020259959, 0.019770186]
