Flavour index: 1
Scale: 5
Bjorken x: 0.1
qT: [0.001, 0.01, 0.1, 1, 1.5, 2, 2.5, 3, 3.5, 4, 4.5, 5, 5.5, 6, 6.5, 7, 7.5, 8, 8.5, 9, 9.5, 10, 10.5, 11, 11.5, 12, 12.5, 13, 13.5, 14, 14.5, 15, 15.5, 16, 16.5, 17, 17.5, 18, 18.5, 19, 19.5, 20]
TMD: [0.59999098, 0.59987276, 0.59805948, 0.43788788, 0.31720779, 0.22937055, 0.17677505, 0.1446727, 0.12169902, 0.10381922, 0.089848711, 0.07925666, 0.071002193, 0.064505359, 0.059252091, 0.054924592, 0.051231269, 0.048052563, 0.0453747, 0.042904146, 0.040713785, 0.038789192, 0.037018962, 0.035416376, 0.033918328, 0.032545745, 0.031303898, 0.030136582, 0.029070471, 0.028077619, 0.027164741, 0.026300599, 0.025521422, 0.024744357, 0.024009326, 0.023331355, 0.022700837, 0.02206646, 0.021468352, 0.020887424, 0.020305948, 0.019785616]
