Flavour index: 1
Scale: 5
Bjorken x: 0.1
qT: [0.001, 0.01, 0.1, 1, 1.5, 2, 2.5, 3, 3.5, 4, 4.5, 5, 5.5, 6, 6.5, 7, 7.5, 8, 8.5, 9, 9.5, 10, 10.5, 11, 11.5, 12, 12.5, 13, 13.5, 14, 14.5, 15, 15.5, 16, 16.5, 17, 17.5, 18, 18.5, 19, 19.5, 20]
TMD: [0.72168372, 0.72167701, 0.71819859, 0.46886907, 0.31436309, 0.22384795, 0.17599795, 0.14453642, 0.1205352, 0.10235442, 0.08860801, 0.078176729, 0.070087519, 0.063788004, 0.058700722, 0.054505687, 0.050909171, 0.047800451, 0.045181955, 0.042749007, 0.040587853, 0.038690025, 0.036938022, 0.035349838, 0.033879485, 0.032494357, 0.031259296, 0.030095689, 0.029034372, 0.028044324, 0.027136392, 0.026275932, 0.025503216, 0.024727578, 0.023993725, 0.023318451, 0.022691515, 0.022056922, 0.021459034, 0.020877112, 0.020295533, 0.019774929]
