Flavour index: 1
Scale: 5
Bjorken x: 0.1
qT: [0.001, 0.01, 0.1, 1, 1.5, 2, 2.5, 3, 3.5, 4, 4.5, 5, 5.5, 6, 6.5, 7, 7.5, 8, 8.5, 9, 9.5, 10, 10.5, 11, 11.5, 12, 12.5, 13, 13.5, 14, 14.5, 15, 15.5, 16, 16.5, 17, 17.5, 18, 18.5, 19, 19.5, 20]
TMD: [0.58128121, 0.58116651, 0.57947297, 0.4290863, 0.31512841, 0.23081127, 0.17867331, 0.14585966, 0.12233369, 0.10423256, 0.090223767, 0.079495775, 0.071137611, 0.064587489, 0.059298567, 0.054948154, 0.051242775, 0.048058471, 0.045376501, 0.042905622, 0.040715486, 0.038790216, 0.037020114, 0.035417542, 0.033919896, 0.032548021, 0.031306217, 0.03013935, 0.029073148, 0.028080479, 0.027167082, 0.026302604, 0.025522322, 0.024745305, 0.024010316, 0.023331961, 0.022700807, 0.022066689, 0.021468702, 0.020888157, 0.020306831, 0.019786666]
