Flavour index: 1
Scale: 5
Bjorken x: 0.1
qT: [0.001, 0.01, 0.1, 1, 1.5, 2, 2.5, 3, 3.5, 4, 4.5, 5, 5.5, 6, 6.5, 7, 7.5, 8, 8.5, 9, 9.5, 10, 10.5, 11, 11.5, 12, 12.5, 13, 13.5, 14, 14.5, 15, 15.5, 16, 16.5, 17, 17.5, 18, 18.5, 19, 19.5, 20]
TMD: [0.68765721, 0.68786235, 0.68496221, 0.46839826, 0.31988136, 0.22464709, 0.17434112, 0.14399648, 0.12084362, 0.10261879, 0.088688863, 0.078315078, 0.070203559, 0.063875441, 0.05876689, 0.054555248, 0.050945836, 0.04782866, 0.045203904, 0.042766143, 0.040601228, 0.038700753, 0.036946631, 0.035356866, 0.033885508, 0.032499846, 0.031264065, 0.030100063, 0.029038237, 0.02804791, 0.027139459, 0.026278611, 0.025505211, 0.024729416, 0.023995435, 0.023319875, 0.022692557, 0.022057981, 0.021460066, 0.020878248, 0.020296675, 0.019776099]
