Flavour index: 1
Scale: 5
Bjorken x: 0.1
qT: [0.001, 0.01, 0.1, 1, 1.5, 2, 2.5, 3, 3.5, 4, 4.5, 5, 5.5, 6, 6.5, 7, 7.5, 8, 8.5, 9, 9.5, 10, 10.5, 11, 11.5, 12, 12.5, 13, 13.5, 14, 14.5, 15, 15.5, 16, 16.5, 17, 17.5, 18, 18.5, 19, 19.5, 20]
TMD: [0.60859898, 0.60860406, 0.60664276, 0.44546929, 0.3251326, 0.23639856, 0.18075377, 0.14547283, 0.12093207, 0.10277635, 0.08897323, 0.078419844, 0.070281549, 0.063910457, 0.058774032, 0.054548867, 0.05093907, 0.04782641, 0.045202411, 0.042769261, 0.040606694, 0.038704408, 0.036949965, 0.035359638, 0.033870337, 0.032504203, 0.031268387, 0.030105149, 0.02904303, 0.028052899, 0.027143351, 0.026281808, 0.025506265, 0.0247306, 0.023996733, 0.023320457, 0.022691947, 0.022057921, 0.021460274, 0.020879221, 0.020297946, 0.019777696]
