Flavour index: 1
Scale: 5
Bjorken x: 0.1
qT: [0.001, 0.01, 0.1, 1, 1.5, 2, 2.5, 3, 3.5, 4, 4.5, 5, 5.5, 6, 6.5, 7, 7.5, 8, 8.5, 9, 9.5, 10, 10.5, 11, 11.5, 12, 12.5, 13, 13.5, 14, 14.5, 15, 15.5, 16, 16.5, 17, 17.5, 18, 18.5, 19, 19.5, 20]
TMD: [0.57272861, 0.57261446, 0.57108859, 0.43118849, 0.32043083, 0.23450362, 0.17962777, 0.14550656, 0.12185957, 0.10388604, 0.089932407, 0.079204202, 0.070914346, 0.064406386, 0.059154932, 0.054836778, 0.051157612, 0.047993317, 0.045327242, 0.042867551, 0.040685303, 0.038766292, 0.037000548, 0.035401382, 0.03390621, 0.032536122, 0.031296019, 0.030130273, 0.029065191, 0.028073258, 0.027160825, 0.026297099, 0.025517906, 0.02474129, 0.024006634, 0.023328783, 0.022698236, 0.022064209, 0.021466349, 0.020885754, 0.020304476, 0.019784326]
