Flavour index: 1
Scale: 5
Bjorken x: 0.1
qT: [0.001, 0.01, 0.1, 1, 1.5, 2, 2.5, 3, 3.5, 4, 4.5, 5, 5.5, 6, 6.5, 7, 7.5, 8, 8.5, 9, 9.5, 10, 10.5, 11, 11.5, 12, 12.5, 13, 13.5, 14, 14.5, 15, 15.5, 16, 16.5, 17, 17.5, 18, 18.5, 19, 19.5, 20]
TMD: [0.65010653, 0.65010136, 0.64718926, 0.43501417, 0.30823649, 0.22918867, 0.18058085, 0.14696021, 0.12228346, 0.10379424, 0.089736275, 0.079040671, 0.070740409, 0.064261947, 0.059039355, 0.054745062, 0.051083404, 0.047932955, 0.045279813, 0.042828809, 0.040654276, 0.038742297, 0.036981497, 0.035386059, 0.033893154, 0.032524566, 0.031286047, 0.030121239, 0.029057288, 0.028066087, 0.027154744, 0.026291827, 0.025513968, 0.024737672, 0.024003282, 0.02332599, 0.022696169, 0.022062118, 0.021464319, 0.020883538, 0.020302262, 0.019782073]
