Flavour index: 1
Scale: 5
Bjorken x: 0.1
qT: [0.001, 0.01, 0.1, 1, 1.5, 2, 2.5, 3, 3.5, 4, 4.5, 5, 5.5, 6, 6.5, 7, 7.5, 8, 8.5, 9, 9.5, 10, 10.5, 11, 11.5, 12, 12.5, 13, 13.5, 14, 14.5, 15, 15.5, 16, 16.5, 17, 17.5, 18, 18.5, 19, 19.5, 20]
TMD: [0.54697293, 0.54698118, 0.54556307, 0.42116491, 0.32064227, 0.23931772, 0.18386327, 0.14748323, 0.12235755, 0.10391632, 0.089889853, 0.079165334, 0.070823229, 0.064305859, 0.059058124, 0.054750857, 0.05108709, 0.047938931, 0.045285411, 0.042834348, 0.040662377, 0.038748208, 0.036986329, 0.035389919, 0.033897082, 0.032529227, 0.031290506, 0.03012618, 0.029061869, 0.028070741, 0.027158426, 0.02629488, 0.025515219, 0.024738986, 0.024004654, 0.02332675, 0.022695932, 0.022062306, 0.021464707, 0.020884536, 0.020303487, 0.019783552]
