Flavour index: 1
Scale: 5
Bjorken x: 0.1
qT: [0.001, 0.01, 0.1, 1, 1.5, 2, 2.5, 3, 3.5, 4, 4.5, 5, 5.5, 6, 6.5, 7, 7.5, 8, 8.5, 9, 9.5, 10, 10.5, 11, 11.5, 12, 12.5, 13, 13.5, 14, 14.5, 15, 15.5, 16, 16.5, 17, 17.5, 18, 18.5, 19, 19.5, 20]
TMD: [0.60633474, 0.60633912, 0.60433731, 0.44163491, 0.32245569, 0.23570334, 0.18114055, 0.14599071, 0.12131072, 0.10304143, 0.089165402, 0.078596284, 0.070391592, 0.063992031, 0.058833435, 0.054591575, 0.050970215, 0.047849632, 0.045219323, 0.04278269, 0.040617713, 0.038713158, 0.036957282, 0.035365772, 0.033875723, 0.032509168, 0.031272747, 0.030109243, 0.029046689, 0.02805635, 0.027146291, 0.026284371, 0.025508087, 0.024732295, 0.023998325, 0.023321748, 0.022692821, 0.022058847, 0.021461194, 0.020880282, 0.020299039, 0.019778837]
