Flavour index: 1
Scale: 5
Bjorken x: 0.1
qT: [0.001, 0.01, 0.1, 1, 1.5, 2, 2.5, 3, 3.5, 4, 4.5, 5, 5.5, 6, 6.5, 7, 7.5, 8, 8.5, 9, 9.5, 10, 10.5, 11, 11.5, 12, 12.5, 13, 13.5, 14, 14.5, 15, 15.5, 16, 16.5, 17, 17.5, 18, 18.5, 19, 19.5, 20]
TMD: [0.54796279, 0.54797118, 0.54649259, 0.42286929, 0.32097651, 0.2378329, 0.18187884, 0.14626049, 0.12200462, 0.10397089, 0.09003709, 0.079290086, 0.07097056, 0.064439812, 0.059173726, 0.054846703, 0.051164124, 0.04799938, 0.045332005, 0.042870174, 0.040690172, 0.038770068, 0.037003792, 0.035404095, 0.033908802, 0.032538966, 0.031298677, 0.030133095, 0.029067792, 0.028075856, 0.027162923, 0.026298864, 0.025518777, 0.024742163, 0.024007511, 0.023329346, 0.022698301, 0.022064462, 0.021466685, 0.020886371, 0.020305196, 0.019785162]
