Flavour index: 1
Scale: 5
Bjorken x: 0.1
qT: [0.001, 0.01, 0.1, 1, 1.5, 2, 2.5, 3, 3.5, 4, 4.5, 5, 5.5, 6, 6.5, 7, 7.5, 8, 8.5, 9, 9.5, 10, 10.5, 11, 11.5, 12, 12.5, 13, 13.5, 14, 14.5, 15, 15.5, 16, 16.5, 17, 17.5, 18, 18.5, 19, 19.5, 20]
TMD: [0.56755159, 0.56743907, 0.56589825, 0.42590956, 0.31646478, 0.23257517, 0.1792648, 0.14578182, 0.12222748, 0.10422805, 0.090255973, 0.079529759, 0.071169286, 0.064614888, 0.059321268, 0.054966794, 0.051258901, 0.048072304, 0.045387857, 0.04291538, 0.040723682, 0.038796727, 0.037025401, 0.035421835, 0.033923553, 0.032551294, 0.031309046, 0.030141938, 0.029075414, 0.028082545, 0.027168812, 0.026304088, 0.025523377, 0.024746277, 0.024011221, 0.023332692, 0.022701306, 0.022067215, 0.021469222, 0.020888751, 0.020307436, 0.019787292]
