Flavour index: 1
Scale: 5
Bjorken x: 0.1
qT: [0.001, 0.01, 0.1, 1, 1.5, 2, 2.5, 3, 3.5, 4, 4.5, 5, 5.5, 6, 6.5, 7, 7.5, 8, 8.5, 9, 9.5, 10, 10.5, 11, 11.5, 12, 12.5, 13, 13.5, 14, 14.5, 15, 15.5, 16, 16.5, 17, 17.5, 18, 18.5, 19, 19.5, 20]
TMD: [0.64470421, 0.64470409, 0.64215318, 0.44990847, 0.31434993, 0.22417572, 0.17475781, 0.14468964, 0.12183075, 0.10365988, 0.089617032, 0.079091268, 0.070838697, 0.064373273, 0.059148717, 0.054843898, 0.051165829, 0.047998154, 0.045331567, 0.0428675, 0.040682855, 0.038764536, 0.036999167, 0.035400175, 0.033904391, 0.03253314, 0.031292944, 0.030126472, 0.029061569, 0.028069424, 0.027157854, 0.026294666, 0.025517227, 0.024740477, 0.024005704, 0.023328433, 0.022698865, 0.022064369, 0.021466277, 0.020885033, 0.020303502, 0.019783074]
