Flavour index: 1
Scale: 5
Bjorken x: 0.1
qT: [0.001, 0.01, 0.1, 1, 1.5, 2, 2.5, 3, 3.5, 4, 4.5, 5, 5.5, 6, 6.5, 7, 7.5, 8, 8.5, 9, 9.5, 10, 10.5, 11, 11.5, 12, 12.5, 13, 13.5, 14, 14.5, 15, 15.5, 16, 16.5, 17, 17.5, 18, 18.5, 19, 19.5, 20]
TMD: [0.61055421, 0.61055724, 0.60846321, 0.43991121, 0.31879022, 0.23279436, 0.1799752, 0.14603876, 0.12173709, 0.10344814, 0.08948928, 0.078856799, 0.070600226, 0.0641548, 0.058958514, 0.05468589, 0.051040774, 0.047902356, 0.04525806, 0.042812365, 0.04064107, 0.038731594, 0.036972407, 0.035378334, 0.033886492, 0.032518631, 0.031280905, 0.030116565, 0.029053135, 0.028062237, 0.027151399, 0.026288874, 0.025511666, 0.024735562, 0.024001331, 0.023324332, 0.022694884, 0.022060852, 0.021463103, 0.020882256, 0.020300983, 0.019780781]
