Flavour index: 1
Scale: 5
Bjorken x: 0.1
qT: [0.001, 0.01, 0.1, 1, 1.5, 2, 2.5, 3, 3.5, 4, 4.5, 5, 5.5, 6, 6.5, 7, 7.5, 8, 8.5, 9, 9.5, 10, 10.5, 11, 11.5, 12, 12.5, 13, 13.5, 14, 14.5, 15, 15.5, 16, 16.5, 17, 17.5, 18, 18.5, 19, 19.5, 20]
TMD: [0.63682583, 0.63682588, 0.63440813, 0.44454523, 0.31500297, 0.22886687, 0.17856935, 0.14593852, 0.12182633, 0.10348912, 0.089516949, 0.078885092, 0.070628463, 0.06418327, 0.058985057, 0.05470832, 0.051058249, 0.047914662, 0.045266902, 0.042818077, 0.040644946, 0.038734768, 0.036974991, 0.03538051, 0.033888158, 0.032519735, 0.031281727, 0.030117023, 0.029053469, 0.028062402, 0.027151646, 0.026289147, 0.025512231, 0.024736026, 0.02400171, 0.023324782, 0.022695493, 0.022061319, 0.021463487, 0.020882476, 0.020301127, 0.019780849]
