Flavour index: 1
Scale: 5
Bjorken x: 0.1
qT: [0.001, 0.01, 0.1, 1, 1.5, 2, 2.5, 3, 3.5, 4, 4.5, 5, 5.5, 6, 6.5, 7, 7.5, 8, 8.5, 9, 9.5, 10, 10.5, 11, 11.5, 12, 12.5, 13, 13.5, 14, 14.5, 15, 15.5, 16, 16.5, 17, 17.5, 18, 18.5, 19, 19.5, 20]
TMD: [0.64259745, 0.64247009, 0.64039337, 0.45968702, 0.32634786, 0.23185183, 0.17689217, 0.14396527, 0.12059202, 0.10259143, 0.088687778, 0.078247825, 0.070162544, 0.063832711, 0.058725368, 0.054519275, 0.050918215, 0.047809237, 0.045189708, 0.042757352, 0.040595671, 0.038695787, 0.036942623, 0.035353498, 0.033864659, 0.032498281, 0.031262942, 0.030099538, 0.02903789, 0.028047828, 0.027139206, 0.026278292, 0.025504347, 0.02472872, 0.02399488, 0.023319181, 0.022691565, 0.022057235, 0.021459463, 0.020877937, 0.020296494, 0.019776051]
