Flavour index: 1
Scale: 5
Bjorken x: 0.1
qT: [0.001, 0.01, 0.1, 1, 1.5, 2, 2.5, 3, 3.5, 4, 4.5, 5, 5.5, 6, 6.5, 7, 7.5, 8, 8.5, 9, 9.5, 10, 10.5, 11, 11.5, 12, 12.5, 13, 13.5, 14, 14.5, 15, 15.5, 16, 16.5, 17, 17.5, 18, 18.5, 19, 19.5, 20]
TMD: [0.63407504, 0.63407846, 0.63192268, 0.45462707, 0.32565657, 0.23400711, 0.17890266, 0.14465983, 0.12057828, 0.10252211, 0.088749889, 0.078241679, 0.0701506, 0.063818543, 0.058710833, 0.054505887, 0.050907991, 0.0478023, 0.045184455, 0.042754034, 0.040593656, 0.038694192, 0.036941431, 0.035352532, 0.033863956, 0.032497997, 0.03126282, 0.030099687, 0.029038094, 0.028048145, 0.02713939, 0.026278404, 0.025504125, 0.024728563, 0.023994779, 0.023318981, 0.022691179, 0.022056972, 0.021459269, 0.020877893, 0.020296518, 0.019776144]
