Flavour index: 1
Scale: 5
Bjorken x: 0.1
qT: [0.001, 0.01, 0.1, 1, 1.5, 2, 2.5, 3, 3.5, 4, 4.5, 5, 5.5, 6, 6.5, 7, 7.5, 8, 8.5, 9, 9.5, 10, 10.5, 11, 11.5, 12, 12.5, 13, 13.5, 14, 14.5, 15, 15.5, 16, 16.5, 17, 17.5, 18, 18.5, 19, 19.5, 20]
TMD: [0.59930529, 0.59931233, 0.59756769, 0.44842913, 0.32912602, 0.23640503, 0.17836173, 0.14383501, 0.12064153, 0.10296823, 0.089058651, 0.078514063, 0.07035856, 0.063978668, 0.058831045, 0.054594894, 0.050975168, 0.047853609, 0.04522251, 0.042783996, 0.040618093, 0.038713286, 0.036956986, 0.03536534, 0.033875138, 0.032508103, 0.031271621, 0.030107785, 0.029045249, 0.028054749, 0.027145022, 0.026283317, 0.02550774, 0.024731907, 0.023997897, 0.02332156, 0.022693033, 0.022058876, 0.021461132, 0.02087997, 0.020298616, 0.019778303]
