Flavour index: 1
Scale: 5
Bjorken x: 0.1
qT: [0.001, 0.01, 0.1, 1, 1.5, 2, 2.5, 3, 3.5, 4, 4.5, 5, 5.5, 6, 6.5, 7, 7.5, 8, 8.5, 9, 9.5, 10, 10.5, 11, 11.5, 12, 12.5, 13, 13.5, 14, 14.5, 15, 15.5, 16, 16.5, 17, 17.5, 18, 18.5, 19, 19.5, 20]
TMD: [0.59586416, 0.59574607, 0.59401807, 0.43919232, 0.32017691, 0.23153206, 0.17750671, 0.14467598, 0.12157051, 0.10368959, 0.089699619, 0.079098925, 0.070855532, 0.064377911, 0.059144961, 0.054837228, 0.051161325, 0.047997085, 0.045331152, 0.042869843, 0.040686337, 0.038767266, 0.03700109, 0.035401693, 0.033906038, 0.032535245, 0.031294983, 0.030128797, 0.029063719, 0.028071607, 0.027159537, 0.026296034, 0.025517656, 0.024740963, 0.02400624, 0.023328657, 0.022698574, 0.022064319, 0.021466344, 0.020885436, 0.02030403, 0.019783742]
