Flavour index: 1
Scale: 5
Bjorken x: 0.1
qT: [0.001, 0.01, 0.1, 1, 1.5, 2, 2.5, 3, 3.5, 4, 4.5, 5, 5.5, 6, 6.5, 7, 7.5, 8, 8.5, 9, 9.5, 10, 10.5, 11, 11.5, 12, 12.5, 13, 13.5, 14, 14.5, 15, 15.5, 16, 16.5, 17, 17.5, 18, 18.5, 19, 19.5, 20]
TMD: [0.60353362, 0.60341396, 0.60160181, 0.44027553, 0.32030256, 0.23299954, 0.179441, 0.14571942, 0.12171094, 0.10349186, 0.089526862, 0.078887525, 0.07062657, 0.064176415, 0.058975784, 0.054699474, 0.051051417, 0.047910648, 0.04526433, 0.04281725, 0.040644848, 0.038734512, 0.036974718, 0.035380205, 0.033888084, 0.032519995, 0.031282067, 0.03011758, 0.029054015, 0.028063019, 0.027152079, 0.026289474, 0.025512164, 0.024736013, 0.024001743, 0.023324694, 0.022695191, 0.022061141, 0.021463375, 0.020882526, 0.020301242, 0.019781034]
