Flavour index: 1
Scale: 5
Bjorken x: 0.1
qT: [0.001, 0.01, 0.1, 1, 1.5, 2, 2.5, 3, 3.5, 4, 4.5, 5, 5.5, 6, 6.5, 7, 7.5, 8, 8.5, 9, 9.5, 10, 10.5, 11, 11.5, 12, 12.5, 13, 13.5, 14, 14.5, 15, 15.5, 16, 16.5, 17, 17.5, 18, 18.5, 19, 19.5, 20]
TMD: [0.57318977, 0.57307539, 0.57155701, 0.43205016, 0.32129451, 0.23504646, 0.1797592, 0.14537578, 0.12165986, 0.10372125, 0.089820362, 0.079130395, 0.070864665, 0.064373101, 0.059133281, 0.054823306, 0.051149405, 0.047988382, 0.045324745, 0.04286584, 0.040684037, 0.038765374, 0.036999719, 0.035400617, 0.033905418, 0.032535269, 0.031295216, 0.030129438, 0.029064407, 0.028072464, 0.027160141, 0.026296494, 0.025517517, 0.024740913, 0.024006267, 0.0233285, 0.022698081, 0.022064022, 0.021466152, 0.020885496, 0.020304198, 0.019784023]
