Flavour index: 1
Scale: 5
Bjorken x: 0.1
qT: [0.001, 0.01, 0.1, 1, 1.5, 2, 2.5, 3, 3.5, 4, 4.5, 5, 5.5, 6, 6.5, 7, 7.5, 8, 8.5, 9, 9.5, 10, 10.5, 11, 11.5, 12, 12.5, 13, 13.5, 14, 14.5, 15, 15.5, 16, 16.5, 17, 17.5, 18, 18.5, 19, 19.5, 20]
TMD: [0.63202282, 0.63202503, 0.62985158, 0.45144346, 0.31937343, 0.22657047, 0.1741529, 0.14354462, 0.12129493, 0.10347672, 0.089484021, 0.07895236, 0.070773936, 0.064337316, 0.059129156, 0.054835718, 0.051164365, 0.047999878, 0.045334328, 0.042871085, 0.040685961, 0.038766951, 0.037000449, 0.035401371, 0.033905185, 0.03253347, 0.031293063, 0.030126302, 0.029061289, 0.028068972, 0.027157472, 0.026294323, 0.025517161, 0.024740369, 0.024005561, 0.023328382, 0.022698985, 0.022064404, 0.021466267, 0.020884906, 0.020303319, 0.019782834]
