Flavour index: 1
Scale: 5
Bjorken x: 0.1
qT: [0.001, 0.01, 0.1, 1, 1.5, 2, 2.5, 3, 3.5, 4, 4.5, 5, 5.5, 6, 6.5, 7, 7.5, 8, 8.5, 9, 9.5, 10, 10.5, 11, 11.5, 12, 12.5, 13, 13.5, 14, 14.5, 15, 15.5, 16, 16.5, 17, 17.5, 18, 18.5, 19, 19.5, 20]
TMD: [0.63239148, 0.63239007, 0.62985097, 0.43731182, 0.31483755, 0.2332612, 0.18153142, 0.14662091, 0.1217577, 0.10334809, 0.089379872, 0.078759057, 0.070518578, 0.06408944, 0.058907166, 0.054645821, 0.051009654, 0.047878348, 0.045239965, 0.042798531, 0.040630447, 0.038723392, 0.036965883, 0.035373022, 0.033881981, 0.032514748, 0.031277584, 0.03011365, 0.0290506, 0.028059975, 0.027149429, 0.026287134, 0.025510219, 0.024734252, 0.024000136, 0.023323279, 0.022693993, 0.02206001, 0.021462314, 0.020881474, 0.020300232, 0.019780046]
