Flavour index: 1
Scale: 5
Bjorken x: 0.1
qT: [0.001, 0.01, 0.1, 1, 1.5, 2, 2.5, 3, 3.5, 4, 4.5, 5, 5.5, 6, 6.5, 7, 7.5, 8, 8.5, 9, 9.5, 10, 10.5, 11, 11.5, 12, 12.5, 13, 13.5, 14, 14.5, 15, 15.5, 16, 16.5, 17, 17.5, 18, 18.5, 19, 19.5, 20]
TMD: [0.64855755, 0.6484299, 0.64615304, 0.45439419, 0.31993675, 0.22920713, 0.17727041, 0.14487968, 0.12115503, 0.10297319, 0.089097649, 0.078560129, 0.070380639, 0.063999675, 0.05885132, 0.054612201, 0.050987286, 0.047861562, 0.045227916, 0.042786983, 0.040619436, 0.038714604, 0.036958206, 0.035366494, 0.033875864, 0.032508363, 0.031271721, 0.030107604, 0.029045051, 0.028054472, 0.027144911, 0.026283288, 0.025508101, 0.024732178, 0.023998093, 0.023321863, 0.022693547, 0.022059239, 0.021461411, 0.02088006, 0.020298634, 0.019778239]
