Flavour index: 1
Scale: 5
Bjorken x: 0.1
qT: [0.001, 0.01, 0.1, 1, 1.5, 2, 2.5, 3, 3.5, 4, 4.5, 5, 5.5, 6, 6.5, 7, 7.5, 8, 8.5, 9, 9.5, 10, 10.5, 11, 11.5, 12, 12.5, 13, 13.5, 14, 14.5, 15, 15.5, 16, 16.5, 17, 17.5, 18, 18.5, 19, 19.5, 20]
TMD: [0.68858945, 0.68858423, 0.6854596, 0.4562987, 0.30739582, 0.21823921, 0.17324457, 0.14470137, 0.12168291, 0.10346734, 0.089630929, 0.079103058, 0.07087307, 0.064423176, 0.059203892, 0.054895793, 0.051209859, 0.04803409, 0.04535923, 0.042887954, 0.040698496, 0.038777872, 0.037009572, 0.035408691, 0.03392935, 0.032538168, 0.031296957, 0.030129451, 0.02906399, 0.028071264, 0.027159591, 0.026296257, 0.025519147, 0.024742111, 0.0240071, 0.023329862, 0.022700489, 0.022065706, 0.021467427, 0.02088587, 0.02030418, 0.019783595]
