Flavour index: 1
Scale: 5
Bjorken x: 0.1
qT: [0.001, 0.01, 0.1, 1, 1.5, 2, 2.5, 3, 3.5, 4, 4.5, 5, 5.5, 6, 6.5, 7, 7.5, 8, 8.5, 9, 9.5, 10, 10.5, 11, 11.5, 12, 12.5, 13, 13.5, 14, 14.5, 15, 15.5, 16, 16.5, 17, 17.5, 18, 18.5, 19, 19.5, 20]
TMD: [0.56707094, 0.5670782, 0.5654995, 0.43027837, 0.32166698, 0.23594748, 0.18034184, 0.14564751, 0.12181831, 0.10383241, 0.08988133, 0.079149893, 0.070860981, 0.064358465, 0.059114072, 0.054803233, 0.051130984, 0.047972708, 0.045311448, 0.042855417, 0.040675851, 0.038758788, 0.03699449, 0.035396425, 0.033902108, 0.03253271, 0.031293156, 0.030127842, 0.029063099, 0.02807143, 0.027159213, 0.026295669, 0.025516634, 0.024740154, 0.024005612, 0.023327857, 0.022697396, 0.022063443, 0.021465645, 0.020885099, 0.020303862, 0.019783746]
