Flavour index: 1
Scale: 5
Bjorken x: 0.1
qT: [0.001, 0.01, 0.1, 1, 1.5, 2, 2.5, 3, 3.5, 4, 4.5, 5, 5.5, 6, 6.5, 7, 7.5, 8, 8.5, 9, 9.5, 10, 10.5, 11, 11.5, 12, 12.5, 13, 13.5, 14, 14.5, 15, 15.5, 16, 16.5, 17, 17.5, 18, 18.5, 19, 19.5, 20]
TMD: [0.61096321, 0.61084124, 0.6090774, 0.45007466, 0.32671984, 0.2341374, 0.17777699, 0.14412182, 0.12089289, 0.10302929, 0.089071405, 0.078539596, 0.070386829, 0.064001517, 0.058849286, 0.054609322, 0.05098565, 0.047861023, 0.045227877, 0.042788336, 0.040621002, 0.03871564, 0.036958934, 0.03536698, 0.033876476, 0.032509175, 0.03127251, 0.030108517, 0.029045886, 0.028055316, 0.027145548, 0.026283799, 0.025508219, 0.024732329, 0.023998272, 0.023321915, 0.022693385, 0.022059184, 0.021461408, 0.020880206, 0.020298831, 0.019778498]
