Flavour index: 1
Scale: 5
Bjorken x: 0.1
qT: [0.001, 0.01, 0.1, 1, 1.5, 2, 2.5, 3, 3.5, 4, 4.5, 5, 5.5, 6, 6.5, 7, 7.5, 8, 8.5, 9, 9.5, 10, 10.5, 11, 11.5, 12, 12.5, 13, 13.5, 14, 14.5, 15, 15.5, 16, 16.5, 17, 17.5, 18, 18.5, 19, 19.5, 20]
TMD: [0.54937169, 0.54938104, 0.54793703, 0.42648119, 0.32504554, 0.24090271, 0.18333529, 0.14648439, 0.12167482, 0.10352471, 0.089621972, 0.078926897, 0.070660476, 0.064184558, 0.058969825, 0.054687631, 0.051041114, 0.047904674, 0.045260449, 0.042814267, 0.040646091, 0.038735264, 0.036975489, 0.035380828, 0.033889108, 0.032521874, 0.031284044, 0.030120102, 0.029056427, 0.02806559, 0.027154038, 0.026291055, 0.025512504, 0.02473646, 0.024002283, 0.02332483, 0.022694638, 0.022060932, 0.021463339, 0.020882956, 0.020301856, 0.019781848]
