Flavour index: 1
Scale: 5
Bjorken x: 0.1
qT: [0.001, 0.01, 0.1, 1, 1.5, 2, 2.5, 3, 3.5, 4, 4.5, 5, 5.5, 6, 6.5, 7, 7.5, 8, 8.5, 9, 9.5, 10, 10.5, 11, 11.5, 12, 12.5, 13, 13.5, 14, 14.5, 15, 15.5, 16, 16.5, 17, 17.5, 18, 18.5, 19, 19.5, 20]
TMD: [0.55177499, 0.55178276, 0.55030598, 0.42302613, 0.31962069, 0.23652708, 0.1812901, 0.14616462, 0.12204266, 0.10401087, 0.090082313, 0.079377308, 0.071033638, 0.064498883, 0.059225488, 0.054890287, 0.051199767, 0.04802795, 0.045354526, 0.042890327, 0.040704427, 0.038781483, 0.037013056, 0.035411673, 0.033915085, 0.03254424, 0.031303114, 0.030136902, 0.029071068, 0.028078735, 0.027165428, 0.026301066, 0.02552066, 0.024743848, 0.024009033, 0.023330699, 0.022699484, 0.022065559, 0.021467701, 0.020887343, 0.020306119, 0.019786048]
