Flavour index: 1
Scale: 5
Bjorken x: 0.1
qT: [0.001, 0.01, 0.1, 1, 1.5, 2, 2.5, 3, 3.5, 4, 4.5, 5, 5.5, 6, 6.5, 7, 7.5, 8, 8.5, 9, 9.5, 10, 10.5, 11, 11.5, 12, 12.5, 13, 13.5, 14, 14.5, 15, 15.5, 16, 16.5, 17, 17.5, 18, 18.5, 19, 19.5, 20]
TMD: [0.60650594, 0.60651304, 0.6047217, 0.45227414, 0.33125283, 0.23769461, 0.17904789, 0.14388945, 0.12028647, 0.10253442, 0.088780097, 0.078245783, 0.070147369, 0.063813516, 0.058705134, 0.054500723, 0.050904523, 0.047800287, 0.045183221, 0.042753937, 0.040593792, 0.03869413, 0.036941266, 0.03535231, 0.033863895, 0.0324981, 0.031262961, 0.030099921, 0.029038308, 0.028048368, 0.027139527, 0.026278495, 0.02550404, 0.02472851, 0.023994752, 0.023318903, 0.022691007, 0.02205686, 0.021459189, 0.020877893, 0.020296545, 0.019776204]
