Flavour index: 1
Scale: 5
Bjorken x: 0.1
qT: [0.001, 0.01, 0.1, 1, 1.5, 2, 2.5, 3, 3.5, 4, 4.5, 5, 5.5, 6, 6.5, 7, 7.5, 8, 8.5, 9, 9.5, 10, 10.5, 11, 11.5, 12, 12.5, 13, 13.5, 14, 14.5, 15, 15.5, 16, 16.5, 17, 17.5, 18, 18.5, 19, 19.5, 20]
TMD: [0.59554524, 0.59542754, 0.59366031, 0.43694238, 0.31831135, 0.23115118, 0.178147, 0.14538309, 0.12197119, 0.10388158, 0.089880364, 0.079193926, 0.070887891, 0.064389389, 0.059144608, 0.054830504, 0.051152184, 0.04798794, 0.045322872, 0.042862902, 0.040680965, 0.038762941, 0.036997796, 0.035399156, 0.033904169, 0.032534009, 0.031294088, 0.030128296, 0.0290634, 0.028071519, 0.027159426, 0.026295928, 0.025517304, 0.024740695, 0.024006042, 0.023328393, 0.02269816, 0.022064018, 0.02146611, 0.020885342, 0.020304004, 0.019783785]
