Flavour index: 1
Scale: 5
Bjorken x: 0.1
qT: [0.001, 0.01, 0.1, 1, 1.5, 2, 2.5, 3, 3.5, 4, 4.5, 5, 5.5, 6, 6.5, 7, 7.5, 8, 8.5, 9, 9.5, 10, 10.5, 11, 11.5, 12, 12.5, 13, 13.5, 14, 14.5, 15, 15.5, 16, 16.5, 17, 17.5, 18, 18.5, 19, 19.5, 20]
TMD: [0.54737948, 0.54738665, 0.54591247, 0.4188807, 0.31574398, 0.23333812, 0.17927072, 0.14534556, 0.12200427, 0.10429873, 0.090454787, 0.079726288, 0.071389255, 0.064815781, 0.05949655, 0.055115002, 0.051383074, 0.048175814, 0.045471337, 0.042984155, 0.04078013, 0.038842315, 0.037062765, 0.035452569, 0.033949382, 0.032573507, 0.031327936, 0.030158499, 0.029089736, 0.028095255, 0.027179697, 0.026313555, 0.025530992, 0.024753139, 0.024017459, 0.02333807, 0.022705696, 0.022071413, 0.021473178, 0.020892741, 0.020311304, 0.019791096]
