Flavour index: 1
Scale: 5
Bjorken x: 0.1
qT: [0.001, 0.01, 0.1, 1, 1.5, 2, 2.5, 3, 3.5, 4, 4.5, 5, 5.5, 6, 6.5, 7, 7.5, 8, 8.5, 9, 9.5, 10, 10.5, 11, 11.5, 12, 12.5, 13, 13.5, 14, 14.5, 15, 15.5, 16, 16.5, 17, 17.5, 18, 18.5, 19, 19.5, 20]
TMD: [0.71849104, 0.71848667, 0.71533192, 0.47511052, 0.32155656, 0.22744868, 0.17614212, 0.14348509, 0.11959631, 0.10170883, 0.088128482, 0.077766876, 0.069799563, 0.063570891, 0.058538983, 0.054387331, 0.050822154, 0.047735729, 0.045135015, 0.04271227, 0.040558282, 0.038666565, 0.036918505, 0.035333498, 0.033865303, 0.032481519, 0.031248103, 0.030085366, 0.029025193, 0.028035764, 0.027129041, 0.026269492, 0.025498416, 0.024723148, 0.023989602, 0.023315022, 0.022689011, 0.022054376, 0.021456551, 0.02087438, 0.020262076, 0.019772094]
