Flavour index: 1
Scale: 5
Bjorken x: 0.1
qT: [0.001, 0.01, 0.1, 1, 1.5, 2, 2.5, 3, 3.5, 4, 4.5, 5, 5.5, 6, 6.5, 7, 7.5, 8, 8.5, 9, 9.5, 10, 10.5, 11, 11.5, 12, 12.5, 13, 13.5, 14, 14.5, 15, 15.5, 16, 16.5, 17, 17.5, 18, 18.5, 19, 19.5, 20]
TMD: [0.66476719, 0.66476759, 0.66226299, 0.46231196, 0.32202178, 0.22833057, 0.17615216, 0.1443109, 0.12082316, 0.10265271, 0.088804252, 0.078326162, 0.070200183, 0.063864766, 0.058752468, 0.054540626, 0.050934081, 0.047820999, 0.045197835, 0.042762818, 0.04059964, 0.03869904, 0.036945351, 0.035355828, 0.033866535, 0.032499741, 0.031264136, 0.030100467, 0.029038681, 0.02804849, 0.027139843, 0.026278887, 0.025505012, 0.024729298, 0.023995386, 0.023319683, 0.022692102, 0.022057689, 0.021459862, 0.020878251, 0.020296766, 0.019776283]
