Flavour index: 1
Scale: 5
Bjorken x: 0.1
qT: [0.001, 0.01, 0.1, 1, 1.5, 2, 2.5, 3, 3.5, 4, 4.5, 5, 5.5, 6, 6.5, 7, 7.5, 8, 8.5, 9, 9.5, 10, 10.5, 11, 11.5, 12, 12.5, 13, 13.5, 14, 14.5, 15, 15.5, 16, 16.5, 17, 17.5, 18, 18.5, 19, 19.5, 20]
TMD: [0.56556469, 0.56557231, 0.56401305, 0.43033808, 0.32275586, 0.2373393, 0.1813051, 0.14598997, 0.12178329, 0.10368883, 0.089739935, 0.079025279, 0.070751653, 0.064265748, 0.059038218, 0.054742935, 0.05108392, 0.047936676, 0.04528416, 0.042834242, 0.040659282, 0.03874572, 0.036983924, 0.035387767, 0.033894838, 0.032526512, 0.031287892, 0.030123257, 0.029059118, 0.028067888, 0.027156124, 0.026292941, 0.025514344, 0.024738087, 0.02400373, 0.023326196, 0.022695978, 0.022062111, 0.0214644, 0.020883878, 0.02030269, 0.019782605]
