Flavour index: 1
Scale: 5
Bjorken x: 0.1
qT: [0.001, 0.01, 0.1, 1, 1.5, 2, 2.5, 3, 3.5, 4, 4.5, 5, 5.5, 6, 6.5, 7, 7.5, 8, 8.5, 9, 9.5, 10, 10.5, 11, 11.5, 12, 12.5, 13, 13.5, 14, 14.5, 15, 15.5, 16, 16.5, 17, 17.5, 18, 18.5, 19, 19.5, 20]
TMD: [0.55701357, 0.5570214, 0.555453, 0.42587154, 0.32151264, 0.2380826, 0.18242672, 0.14667986, 0.12207033, 0.10382115, 0.08983513, 0.07912803, 0.070802431, 0.064298114, 0.059058018, 0.054754585, 0.051091381, 0.047942217, 0.045288054, 0.042835505, 0.040662709, 0.038748438, 0.036986316, 0.035389821, 0.033896781, 0.032528567, 0.031289791, 0.03012523, 0.029060938, 0.028069707, 0.027157621, 0.026294219, 0.025515049, 0.024738777, 0.024004411, 0.023326669, 0.022696128, 0.022062368, 0.021464701, 0.020884349, 0.020303223, 0.019783208]
