Flavour index: 1
Scale: 5
Bjorken x: 0.1
qT: [0.001, 0.01, 0.1, 1, 1.5, 2, 2.5, 3, 3.5, 4, 4.5, 5, 5.5, 6, 6.5, 7, 7.5, 8, 8.5, 9, 9.5, 10, 10.5, 11, 11.5, 12, 12.5, 13, 13.5, 14, 14.5, 15, 15.5, 16, 16.5, 17, 17.5, 18, 18.5, 19, 19.5, 20]
TMD: [0.52471241, 0.52471808, 0.52321182, 0.39967407, 0.30689343, 0.23475781, 0.18448959, 0.14942431, 0.12417953, 0.10542785, 0.091126382, 0.080162113, 0.07161508, 0.064914083, 0.059516538, 0.05509089, 0.051341107, 0.048131087, 0.045427671, 0.042948396, 0.040752428, 0.038819283, 0.037044898, 0.035438533, 0.033939122, 0.03256711, 0.031323486, 0.030156533, 0.029088792, 0.028095734, 0.027179826, 0.026313586, 0.025529126, 0.024751817, 0.024016594, 0.023336667, 0.022703156, 0.022069666, 0.021471887, 0.020892444, 0.020311479, 0.01979175]
