Flavour index: 1
Scale: 5
Bjorken x: 0.1
qT: [0.001, 0.01, 0.1, 1, 1.5, 2, 2.5, 3, 3.5, 4, 4.5, 5, 5.5, 6, 6.5, 7, 7.5, 8, 8.5, 9, 9.5, 10, 10.5, 11, 11.5, 12, 12.5, 13, 13.5, 14, 14.5, 15, 15.5, 16, 16.5, 17, 17.5, 18, 18.5, 19, 19.5, 20]
TMD: [0.59393424, 0.59381697, 0.59206449, 0.435049, 0.31717247, 0.23096662, 0.17832604, 0.1454529, 0.12193846, 0.10387859, 0.089928958, 0.079260195, 0.07095242, 0.064446725, 0.059193491, 0.054870784, 0.05118497, 0.048014496, 0.04534388, 0.042879737, 0.040694517, 0.038773705, 0.037006517, 0.03540627, 0.033910102, 0.032539119, 0.03129844, 0.030132136, 0.029066738, 0.028074504, 0.027161988, 0.026298162, 0.02551909, 0.024742312, 0.024007521, 0.023329665, 0.022699189, 0.022065011, 0.02146705, 0.020886299, 0.020304939, 0.01978471]
