Flavour index: 1
Scale: 5
Bjorken x: 0.1
qT: [0.001, 0.01, 0.1, 1, 1.5, 2, 2.5, 3, 3.5, 4, 4.5, 5, 5.5, 6, 6.5, 7, 7.5, 8, 8.5, 9, 9.5, 10, 10.5, 11, 11.5, 12, 12.5, 13, 13.5, 14, 14.5, 15, 15.5, 16, 16.5, 17, 17.5, 18, 18.5, 19, 19.5, 20]
TMD: [0.61625186, 0.61624998, 0.61376206, 0.42657199, 0.30746622, 0.22941647, 0.18086766, 0.14746791, 0.12286406, 0.10433661, 0.090202282, 0.079419257, 0.071038362, 0.064487357, 0.059206938, 0.054868268, 0.05117552, 0.048003244, 0.045332076, 0.042870322, 0.040687849, 0.038768632, 0.037003116, 0.035403949, 0.033908719, 0.032538751, 0.031298458, 0.030132776, 0.029067545, 0.028075656, 0.027162893, 0.026298927, 0.025519106, 0.024742436, 0.024007735, 0.023329638, 0.022698719, 0.022064775, 0.021466939, 0.020886502, 0.020305285, 0.019785205]
