Flavour index: 1
Scale: 5
Bjorken x: 0.1
qT: [0.001, 0.01, 0.1, 1, 1.5, 2, 2.5, 3, 3.5, 4, 4.5, 5, 5.5, 6, 6.5, 7, 7.5, 8, 8.5, 9, 9.5, 10, 10.5, 11, 11.5, 12, 12.5, 13, 13.5, 14, 14.5, 15, 15.5, 16, 16.5, 17, 17.5, 18, 18.5, 19, 19.5, 20]
TMD: [0.6345845, 0.63446024, 0.63226006, 0.44633517, 0.31533662, 0.22685154, 0.17644028, 0.14499786, 0.12166115, 0.10354873, 0.089643215, 0.079043305, 0.070788852, 0.064329333, 0.05911121, 0.054813019, 0.051142094, 0.047981205, 0.045318505, 0.042858168, 0.040676214, 0.038759383, 0.03699468, 0.035396489, 0.033901374, 0.032530772, 0.031291007, 0.030124941, 0.029060277, 0.028068342, 0.027156845, 0.026293741, 0.025516247, 0.02473962, 0.024004951, 0.023327697, 0.0226981, 0.022063714, 0.021465697, 0.020884559, 0.020303087, 0.019782713]
