Flavour index: 1
Scale: 5
Bjorken x: 0.1
qT: [0.001, 0.01, 0.1, 1, 1.5, 2, 2.5, 3, 3.5, 4, 4.5, 5, 5.5, 6, 6.5, 7, 7.5, 8, 8.5, 9, 9.5, 10, 10.5, 11, 11.5, 12, 12.5, 13, 13.5, 14, 14.5, 15, 15.5, 16, 16.5, 17, 17.5, 18, 18.5, 19, 19.5, 20]
TMD: [0.61126106, 0.61114014, 0.60929569, 0.44528041, 0.32029463, 0.22887756, 0.17493307, 0.14316841, 0.12085071, 0.10332468, 0.089505099, 0.079025147, 0.070864674, 0.064434717, 0.059224178, 0.054923097, 0.051243209, 0.048069674, 0.045393799, 0.042921767, 0.040728822, 0.038802229, 0.03702992, 0.035425396, 0.033925374, 0.032550785, 0.031307763, 0.030139101, 0.029072294, 0.02807863, 0.027165702, 0.026301438, 0.025522914, 0.024745517, 0.02401021, 0.02333239, 0.022702284, 0.022067533, 0.021469197, 0.020887824, 0.020306125, 0.01978557]
