Flavour index: 1
Scale: 5
Bjorken x: 0.1
qT: [0.001, 0.01, 0.1, 1, 1.5, 2, 2.5, 3, 3.5, 4, 4.5, 5, 5.5, 6, 6.5, 7, 7.5, 8, 8.5, 9, 9.5, 10, 10.5, 11, 11.5, 12, 12.5, 13, 13.5, 14, 14.5, 15, 15.5, 16, 16.5, 17, 17.5, 18, 18.5, 19, 19.5, 20]
TMD: [0.64707896, 0.64707872, 0.64458072, 0.44924302, 0.31695662, 0.22949732, 0.17855072, 0.14561464, 0.12144657, 0.10315341, 0.089236657, 0.078658324, 0.070449599, 0.064046898, 0.058882838, 0.054633135, 0.051001908, 0.047871992, 0.045235321, 0.042793229, 0.040624956, 0.038719038, 0.036962054, 0.035369782, 0.033878858, 0.032511327, 0.031274395, 0.030110259, 0.029047466, 0.028056824, 0.027146875, 0.026284979, 0.025509149, 0.02473318, 0.023999058, 0.023322585, 0.022693906, 0.022059695, 0.021461899, 0.020880716, 0.020299347, 0.019779018]
