Flavour index: 1
Scale: 5
Bjorken x: 0.1
qT: [0.001, 0.01, 0.1, 1, 1.5, 2, 2.5, 3, 3.5, 4, 4.5, 5, 5.5, 6, 6.5, 7, 7.5, 8, 8.5, 9, 9.5, 10, 10.5, 11, 11.5, 12, 12.5, 13, 13.5, 14, 14.5, 15, 15.5, 16, 16.5, 17, 17.5, 18, 18.5, 19, 19.5, 20]
TMD: [0.59523425, 0.59523464, 0.59300892, 0.4221932, 0.3109375, 0.23399753, 0.1831423, 0.14799037, 0.12280751, 0.10417334, 0.090033991, 0.07926615, 0.07090501, 0.064373685, 0.059112934, 0.054793102, 0.051117733, 0.047960158, 0.045300183, 0.042846926, 0.04067023, 0.038754726, 0.036991894, 0.0353947, 0.033901067, 0.03253248, 0.031293214, 0.03012842, 0.02906381, 0.028072447, 0.027159999, 0.026296318, 0.025516618, 0.024740227, 0.024005762, 0.023327793, 0.022696943, 0.022063198, 0.021465512, 0.02088524, 0.020304134, 0.019784146]
