Flavour index: 1
Scale: 5
Bjorken x: 0.1
qT: [0.001, 0.01, 0.1, 1, 1.5, 2, 2.5, 3, 3.5, 4, 4.5, 5, 5.5, 6, 6.5, 7, 7.5, 8, 8.5, 9, 9.5, 10, 10.5, 11, 11.5, 12, 12.5, 13, 13.5, 14, 14.5, 15, 15.5, 16, 16.5, 17, 17.5, 18, 18.5, 19, 19.5, 20]
TMD: [0.59929011, 0.59917044, 0.59746017, 0.44367377, 0.32498039, 0.2354466, 0.17959321, 0.14512592, 0.12120725, 0.1031475, 0.089253122, 0.078629756, 0.070446381, 0.06403764, 0.058870617, 0.054621207, 0.050993218, 0.047866765, 0.045232263, 0.042792411, 0.040624999, 0.038718799, 0.036961737, 0.035369392, 0.033878773, 0.032511674, 0.031274844, 0.030110982, 0.029048168, 0.028057607, 0.027147419, 0.026285386, 0.02550905, 0.024733151, 0.02399909, 0.023322463, 0.022693508, 0.022059458, 0.021461748, 0.020880776, 0.020299488, 0.01977925]
