Flavour index: 1
Scale: 5
Bjorken x: 0.1
qT: [0.001, 0.01, 0.1, 1, 1.5, 2, 2.5, 3, 3.5, 4, 4.5, 5, 5.5, 6, 6.5, 7, 7.5, 8, 8.5, 9, 9.5, 10, 10.5, 11, 11.5, 12, 12.5, 13, 13.5, 14, 14.5, 15, 15.5, 16, 16.5, 17, 17.5, 18, 18.5, 19, 19.5, 20]
TMD: [0.57714486, 0.57715004, 0.57539019, 0.42810791, 0.31770902, 0.23505689, 0.18173674, 0.14694259, 0.12231788, 0.10392467, 0.089880377, 0.079159865, 0.070829301, 0.064320819, 0.059076617, 0.054769122, 0.05110174, 0.047949024, 0.045292604, 0.042840725, 0.040664725, 0.038750171, 0.036987834, 0.035391165, 0.033897872, 0.032529379, 0.031290438, 0.0301257, 0.029061334, 0.028070034, 0.02715796, 0.026294548, 0.025515465, 0.024739135, 0.02400472, 0.02332699, 0.022696492, 0.022062667, 0.02146496, 0.020884538, 0.020303381, 0.019783335]
