Flavour index: 1
Scale: 5
Bjorken x: 0.1
qT: [0.001, 0.01, 0.1, 1, 1.5, 2, 2.5, 3, 3.5, 4, 4.5, 5, 5.5, 6, 6.5, 7, 7.5, 8, 8.5, 9, 9.5, 10, 10.5, 11, 11.5, 12, 12.5, 13, 13.5, 14, 14.5, 15, 15.5, 16, 16.5, 17, 17.5, 18, 18.5, 19, 19.5, 20]
TMD: [0.64473442, 0.64473673, 0.64247778, 0.45822841, 0.32339251, 0.22927723, 0.1757017, 0.14386367, 0.12088316, 0.10290368, 0.088959088, 0.078485266, 0.070363898, 0.06399578, 0.058854152, 0.054618805, 0.050994245, 0.047866991, 0.045232921, 0.042790684, 0.040621886, 0.03871644, 0.036959421, 0.035367334, 0.03387639, 0.032508468, 0.031271673, 0.030107294, 0.029044686, 0.028053979, 0.027144546, 0.026282997, 0.025508149, 0.024732176, 0.023998049, 0.023321926, 0.022693805, 0.022059388, 0.021461501, 0.020880008, 0.020298517, 0.019778057]
