Flavour index: 1
Scale: 5
Bjorken x: 0.1
qT: [0.001, 0.01, 0.1, 1, 1.5, 2, 2.5, 3, 3.5, 4, 4.5, 5, 5.5, 6, 6.5, 7, 7.5, 8, 8.5, 9, 9.5, 10, 10.5, 11, 11.5, 12, 12.5, 13, 13.5, 14, 14.5, 15, 15.5, 16, 16.5, 17, 17.5, 18, 18.5, 19, 19.5, 20]
TMD: [0.57016479, 0.57017111, 0.56850751, 0.42847252, 0.31933334, 0.23531603, 0.18107263, 0.14644784, 0.1221904, 0.10394812, 0.089928844, 0.079206362, 0.070871067, 0.064357044, 0.059106887, 0.054793645, 0.051121293, 0.047964388, 0.045304376, 0.042849826, 0.040671736, 0.038755607, 0.036992133, 0.035394634, 0.033900772, 0.032531823, 0.031292505, 0.030127474, 0.02906286, 0.028071363, 0.027159122, 0.026295574, 0.025516352, 0.024739933, 0.024005442, 0.023327636, 0.022697064, 0.022063196, 0.02146545, 0.020885007, 0.020303823, 0.019783758]
